40 34
40 33
44 27
40 34
44 32
40 33
36 31
40 30
44 32
44 31
40 32
42 31
36 31
42 33
40 33
42 32
36 34
40 32
36 31
40 33
44 28
44 28
36 31
44 30
44 32
44 30
40 33
44 30
46 31
44 27
40 34
44 28
44 31
40 32
36 34
44 31
42 32
36 34
36 34
46 27
44 28
48 26
40 33
49 32
40 32
44 32
40 32
40 30
46 30
36 31
46 30
44 31
36 36
46 30
40 29
46 29
39 34
36 36
40 29
47 34
36 31
36 34
44 28
44 27
44 30
46 29
40 33
40 34
44 30
48 30
36 32
40 34
51 37
36 34
40 34
40 33
42 32
44 31
42 31
36 34
40 33
36 32
40 29
40 32
36 34
44 28
36 34
44 31
40 33
40 32
44 30
44 31
36 31
44 28
40 32
40 29
36 34
46 29
43 36
40 32
36 35
36 34
40 33
40 33
40 32
44 30
44 27
46 27
49 30
40 36
40 29
40 33
36 36
36 35
36 34
44 31
36 31
40 32
36 34
46 31
42 31
40 33
43 35
40 33
44 28
42 31
36 32
44 31
44 32
44 28
49 36
44 32
44 32
44 31
52 38
40 33
46 27
44 32
44 31
47 32
42 32
40 29
40 33
46 30
44 32
40 33
44 32
48 38
46 31
44 30
40 33
36 32
36 34
44 32
40 32
40 32
40 34
36 31
40 34
44 30
40 34
40 30
40 32
44 31
44 30
40 32
40 32
36 31
40 33
46 29
44 32
46 30
44 31
40 34
44 31
40 32
40 30
44 32
36 35
40 29
40 29
36 36
36 32
40 33
40 33
44 32
36 31
40 33
44 31
44 32
44 30
40 34
36 34
36 34
46 29
40 32
44 32
44 31
42 32
44 30
40 33
44 31
40 32
40 32
36 36
40 33
40 32
40 34
42 32
40 32
40 34
44 31
36 34
39 33
40 32
42 31
36 35
46 29
46 29
36 31
44 32
40 29
40 32
36 34
36 31
40 34
40 32
44 31
40 32
40 32
40 30
44 31
44 34
40 32
40 32
40 33
44 28
40 32
40 33
36 34
40 33
44 30
42 31
48 40
44 30
40 33
40 29
44 31
40 34
40 32
40 34
36 36
40 33
40 32
36 34
40 32
40 33
36 34
40 32
36 35
44 31
40 34
40 32
44 28
44 30
48 38
40 32
36 31
36 36
40 32
44 32
44 30
36 31
46 29
44 30
40 33
40 30
40 30
44 30
44 31
46 27
36 31
42 32
40 32
36 34
40 33
40 33
44 32
40 29
40 32
40 33
44 32
42 31
40 33
44 32
40 29
40 32
42 32
42 32
44 32
40 33
36 34
40 32
44 31
48 30
47 34
36 34
36 34
44 30
36 34
40 34
40 33
44 31
36 34
40 33
36 31
42 31
40 34
36 32
36 34
40 33
40 34
36 31
42 33
40 34
40 32
36 34
44 32
40 32
44 30
43 35
40 30
44 28
56 36
36 34
44 31
46 30
40 33
46 30
40 32
44 31
42 32
40 30
36 32
40 32
44 32
44 31
36 32
40 32
44 31
40 32
47 32
44 30
44 28
46 30
40 34
49 30
36 34
40 34
42 32
40 32
44 31
36 31
46 27
40 32
40 33
36 31
44 31
44 31
40 32
44 31
44 31
44 31
48 29
44 28
36 34
40 29
40 33
40 33
44 31
40 32
44 31
42 31
40 33
40 33
36 36
44 32
36 31
42 33
44 30
36 31
44 31
36 31
42 31
44 31
44 31
47 33
46 27
40 29
40 33
44 28
42 33
40 32
44 27
40 33
46 30
44 30
44 30
44 30
44 30
36 34
44 30
40 33
44 32
44 31
42 32
44 28
40 33
36 36
42 33
40 33
40 32
36 34
44 30
40 32
36 34
36 35
40 33
36 34
40 32
44 31
54 34
40 34
44 31
40 32
40 33
44 30
40 32
36 34
36 32
40 33
36 31
40 33
40 32
44 28
36 34
44 30
40 32
36 31
44 28
44 30
40 33
45 37
42 32
44 30
44 31
40 33
48 33
42 33
40 32
44 35
36 34
44 32
40 33
44 32
36 34
44 32
44 30
44 30
44 27
40 34
44 32
44 30
46 27
36 31
44 30
46 30
40 33
44 30
36 32
36 31
36 31
40 36
52 37
44 31
40 33
42 32
44 30
36 34
44 30
36 34
40 33
40 33
44 31
44 31
44 30
40 29
61 39
44 31
42 31
40 33
46 30
40 32
44 31
44 31
40 32
44 31
36 34
47 33
44 30
40 34
40 29
40 29
40 34
36 34
40 33
48 36
46 27
46 32
48 38
36 34
40 29
40 29
40 34
44 31
40 30
44 30
44 31
46 30
36 36
46 29
36 35
36 34
40 33
40 32
40 29
40 32
44 31
40 32
36 31
36 34
44 28
46 32
44 30
36 31
44 31
44 31
52 32
40 32
36 32
44 28
36 34
40 32
40 32
36 34
40 33
44 30
46 32
36 34
36 31
36 32
44 30
44 31
40 34
40 30
40 33
43 34
36 31
40 33
44 32
36 32
44 30
44 30
40 34
44 30
44 31
36 34
44 30
40 33
40 33
44 31
36 31
47 33
44 32
44 32
48 28
50 37
44 28
44 32
36 32
46 30
40 32
44 30
40 32
40 32
40 30
36 34
44 31
42 32
40 33
44 31
44 27
36 31
44 28
40 32
44 30
44 30
44 30
44 32
40 33
36 35
44 30
42 32
46 31
44 31
46 27
44 28
40 33
40 32
44 31
44 30
40 33
44 31
42 31
36 34
44 27
40 32
40 33
36 34
44 31
44 32
36 34
36 34
46 31
36 31
40 34
44 31
40 33
44 28
44 32
40 32
42 32
43 34
44 32
36 34
40 32
36 34
48 35
40 32
40 33
44 28
47 32
36 31
42 32
36 34
42 32
44 31
44 28
40 34
40 32
44 31
40 33
46 29
40 29
36 32
46 29
36 35
36 31
44 32
44 32
40 32
36 31
40 33
40 32
44 28
44 31
36 34
44 28
36 31
44 28
46 29
36 35
36 32
40 33
48 38
46 31
39 34
44 32
44 31
44 31
36 32
44 27
36 31
40 32
40 29
44 30
46 29
40 33
44 31
44 31
44 31
40 33
44 31
36 34
44 30
40 32
40 34
44 31
42 31
43 34
40 32
40 33
36 34
36 34
44 28
42 31
40 34
46 30
40 30
42 31
44 30
40 30
36 31
46 29
44 31
44 30
40 33
44 28
44 30
40 33
42 31
46 27
40 29
36 35
36 31
40 34
44 28
46 27
40 32
46 32
36 34
44 31
40 33
40 32
44 31
40 29
40 34
36 31
44 30
46 30
44 28
44 32
40 34
44 32
36 32
44 32
40 33
44 28
40 30
52 36
46 27
36 34
44 30
36 31
40 32
44 30
48 28
46 31
40 32
46 29
40 30
40 33
36 35
36 34
44 31
40 30
40 32
44 31
40 33
44 28
53 37
36 34
42 34
43 34
36 31
36 31
40 29
46 31
54 35
36 31
40 32
44 31
40 32
36 35
36 34
36 34
46 31
44 31
46 31
40 33
44 31
44 32
36 31
40 33
44 31
40 29
40 33
40 32
40 32
42 31
40 34
40 34
52 38
36 34
36 35
44 31
36 32
36 36
40 33
44 32
40 30
40 33
36 31
40 33
44 32
44 30
40 32
40 29
40 34
40 33
40 29
44 27
36 36
44 30
40 33
40 33
44 31
40 34
36 34
36 34
44 27
46 30
44 28
44 32
44 32
36 31
40 33
40 33
46 27
40 32
36 31
40 32
44 31
44 30
44 30
40 33
50 32
40 32
40 33
44 30
40 34
40 32
40 32
44 30
44 28
44 27
36 34
36 36
40 34
40 32
36 34
44 28
36 32
40 34
40 33
40 32
40 32
40 33
44 32
52 38
36 34
40 32
40 32
36 34
40 32
36 36
42 32
44 31
44 30
44 30
36 35
36 32
36 34
40 34
46 29
40 34
40 32
40 33
36 31
36 34
40 34
36 34
44 31
44 27
44 31
36 34
40 32
40 29
44 31
40 32
46 32
44 28
40 33
44 30
46 29
40 32
42 32
44 31
40 34
36 32
44 30
36 34
36 34
40 33
48 35
40 32
42 31
42 31
46 32
44 30
40 32
40 34
36 31
44 32
40 34
40 29
36 34
40 33
44 31
36 32
40 33
44 31
44 30
40 33
36 32
44 31
40 32
44 31
40 34
40 32
43 35
36 32
40 32
44 32
42 32
44 31
36 31
40 34
40 33
46 30
51 29
42 33
44 28
42 31
40 34
40 29
44 32
40 33
40 33
40 32
40 34
40 32
44 27
44 31
40 29
44 28
40 32
40 32
40 32
40 32
36 34
40 32
36 32
44 28
48 39
40 29
40 34
46 29
42 31
42 32
39 36
42 33
40 33
40 32
44 30
40 30
40 32
40 33
40 33
40 30
47 34
36 34
40 29
40 32
36 31
40 33
44 32
40 33
48 36
40 32
36 34
36 31
40 32
36 36
44 31
40 33
44 30
40 32
36 31
40 34
44 31
40 32
50 37
44 28
36 34
40 34
44 30
44 32
44 31
40 34
44 32
40 33
44 27
36 32
39 33
36 34
40 32
36 36
46 27
36 32
44 31
44 31
44 32
40 32
46 31
40 33
42 31
36 36
40 34
44 27
44 32
40 29
40 33
40 32
44 28
46 30
40 30
44 32
36 34
36 31
46 29
40 32
40 34
40 29
48 38
36 34
46 30
44 31
44 27
36 32
36 31
40 29
40 33
40 34
36 31
44 30
44 31
44 31
40 33
46 30
44 31
40 32
40 33
44 32
44 28
44 31
44 31
36 35
40 32
40 32
44 28
36 35
44 31
44 27
36 31
44 31
46 27
44 31
44 30
36 34
44 30
46 30
44 30
40 32
44 31
36 31
40 32
36 34
40 34
36 31
40 33
48 38
44 30
44 31
40 33
40 33
40 33
36 32
40 32
36 31
40 34
44 30
44 31
52 37
44 30
40 33
36 34
44 31
40 37
44 28
36 34
44 32
44 31
36 36
40 29
44 31
40 32
36 32
40 34
36 34
36 31
42 33
40 33
56 36
44 31
44 28
40 29
40 30
36 31
40 30
36 31
46 27
46 30
46 27
40 33
36 35
40 32
40 34
40 33
36 34
40 33
36 34
40 29
36 32
44 32
36 31
44 31
40 34
40 29
42 32
42 31
40 33
44 30
36 35
40 34
44 31
40 34
46 29
40 32
40 33
47 33
40 33
40 30
40 32
44 30
44 31
46 29
44 28
44 31
44 31
44 30
42 33
40 34
46 27
40 32
36 32
44 31
43 36
40 33
44 31
40 33
36 34
40 32
40 33
44 30
39 34
40 30
48 29
40 33
40 32
40 33
40 32
44 30
40 33
46 31
40 29
40 34
44 30
44 30
44 30
40 32
44 28
44 30
44 31
40 32
44 30
36 35
40 33
40 32
36 34
44 31
40 33
40 33
40 30
43 35
44 30
42 32
40 33
40 32
36 32
46 31
40 33
46 29
40 29
40 32
36 34
40 34
40 34
36 34
40 32
44 30
36 34
44 31
44 30
40 32
42 32
44 30
44 28
40 32
40 33
44 31
44 28
44 31
40 29
40 32
40 33
44 30
39 33
44 28
36 35
42 32
40 33
44 32
50 32
40 33
48 30
40 34
42 31
44 32
36 34
36 34
44 31
40 33
36 31
44 27
44 30
42 33
40 32
44 32
40 33
46 31
40 32
36 34
40 32
40 29
36 31
36 34
40 29
44 32
40 32
44 31
40 34
44 30
44 31
40 33
44 32
40 32
36 34
46 30
36 31
44 32
40 34
40 29
36 34
40 33
44 31
36 34
44 28
46 31
36 32
36 31
36 31
40 32
44 30
36 31
36 34
46 31
44 30
40 32
40 34
43 34
49 32
46 31
36 36
47 33
44 32
36 32
40 33
42 31
40 34
36 31
40 29
40 32
44 30
44 32
36 31
36 32
40 33
36 35
40 34
36 32
44 30
40 34
40 32
40 32
36 34
40 33
40 33
46 27
36 34
44 32
44 32
48 39
40 33
44 28
40 32
44 28
40 33
44 32
40 33
36 35
36 32
46 32
44 31
40 33
40 32
44 32
44 31
44 30
40 32
36 31
40 33
40 33
44 30
40 32
40 32
44 27
36 36
49 31
44 27
44 32
44 30
42 32
44 31
40 32
40 34
36 34
40 33
40 33
40 32
44 31
46 29
40 32
40 33
46 27
40 32
40 33
44 32
36 31
40 33
36 31
36 31
40 34
36 32
36 32
44 32
44 31
40 30
40 33
40 33
40 33
44 30
40 32
36 34
40 33
49 29
46 27
40 32
40 32
36 31
43 34
46 29
40 32
44 31
48 40
44 28
44 31
40 34
40 33
40 29
40 34
40 32
44 30
45 31
40 29
42 32
36 32
44 31
40 32
40 33
44 30
36 36
40 33
40 33
40 33
40 33
49 32
44 32
42 31
40 33
40 33
36 34
40 32
40 33
36 32
36 32
40 33
44 32
44 30
47 32
40 33
40 34
44 31
46 29
44 31
40 34
40 32
40 34
40 32
40 32
44 32
44 30
40 32
40 34
44 30
44 30
36 31
40 33
40 29
40 33
40 30
36 31
40 33
44 32
40 32
44 27
42 32
46 29
40 32
40 29
40 33
44 31
42 31
44 31
40 30
44 32
40 32
40 32
36 31
40 32
40 33
44 31
44 28
40 33
36 35
40 32
36 31
36 31
42 33
40 32
42 31
40 30
40 29
39 33
40 34
40 29
40 32
44 31
44 30
44 31
40 32
40 33
36 36
44 31
40 30
40 34
36 31
40 33
40 33
50 32
44 30
40 33
40 32
40 37
40 29
36 34
44 31
40 32
36 32
40 33
44 31
44 32
46 31
36 32
36 32
44 30
44 28
44 31
36 34
40 32
40 32
44 30
46 31
42 34
36 31
36 34
44 30
42 31
40 33
42 31
40 32
44 30
44 30
36 31
40 33
46 30
40 32
40 30
40 33
40 32
40 29
40 32
44 30
46 30
36 34
40 32
44 28
40 32
40 32
36 32
52 37
36 31
40 34
44 31
44 28
48 33
40 32
36 31
40 33
44 31
40 32
46 32
36 31
40 30
39 36
36 34
44 28
40 32
40 32
44 30
40 33
44 31
46 32
40 34
40 32
40 33
46 31
40 32
40 32
44 32
44 32
44 30
44 32
46 30
43 35
49 38
40 33
40 33
44 30
44 31
36 34
40 33
40 32
36 34
44 31
40 32
40 32
36 36
36 34
36 31
44 31
52 38
36 34
36 32
44 32
36 34
44 32
36 34
40 33
44 28
40 32
44 30
40 33
42 32
54 36
40 32
40 32
40 33
46 29
44 31
40 32
46 30
44 28
40 32
44 32
44 31
44 31
44 28
40 32
40 34
36 34
46 30
40 33
46 30
44 31
44 28
36 31
40 32
36 31
44 30
40 34
36 31
44 28
40 29
46 29
44 31
36 36
44 31
36 32
40 34
40 30
40 32
44 30
44 28
44 31
46 29
40 33
40 32
40 32
44 31
36 35
36 34
54 32
44 28
40 30
36 35
36 31
36 34
40 33
44 28
44 30
40 32
36 31
40 33
40 29
36 34
40 32
40 30
40 34
40 33
44 31
44 30
46 31
44 31
46 29
40 30
40 32
44 32
40 34
46 27
44 30
46 27
44 31
36 34
44 35
40 32
36 31
36 32
40 32
44 31
36 34
44 32
36 34
40 33
42 31
44 28
36 31
44 28
40 33
46 27
46 29
40 29
46 27
36 34
46 29
40 34
40 30
36 34
40 33
40 34
39 36
36 34
40 33
40 34
36 31
36 32
44 30
36 34
44 31
36 36
39 36
40 33
43 35
36 31
42 31
40 32
44 28
44 31
40 33
40 32
40 32
40 29
44 31
44 32
44 31
36 31
44 30
40 33
44 31
44 32
36 31
40 32
40 33
44 28
46 27
44 30
44 32
36 35
44 32
44 30
44 30
44 31
56 33
44 32
40 32
40 33
46 31
46 31
44 32
40 33
40 32
47 32
44 32
44 30
44 31
40 33
40 30
44 32
46 30
44 30
56 36
44 33
44 31
44 31
36 34
44 31
36 31
44 28
44 32
44 28
39 34
44 31
40 34
36 31
40 30
40 34
36 31
48 28
44 31
40 33
44 28
36 35
44 31
42 31
40 33
46 30
36 34
44 31
46 30
40 32
44 30
40 34
44 28
36 34
46 29
44 32
40 32
42 34
36 34
44 31
40 32
44 31
44 30
44 28
36 34
40 33
36 31
44 30
36 34
40 33
40 33
40 33
44 30
40 33
40 33
44 30
44 31
44 31
44 31
40 33
44 31
36 36
40 32
46 30
44 28
42 31
42 32
36 32
40 30
36 35
40 33
44 30
46 31
40 33
40 34
40 29
40 33
40 33
36 31
36 35
40 32
44 30
40 32
44 31
44 31
40 34
44 31
36 31
44 32
44 31
44 28
46 30
44 28
36 36
40 32
44 31
36 34
40 32
40 33
40 32
36 31
42 31
44 31
44 28
40 34
40 30
36 31
40 32
48 38
44 30
40 33
40 32
36 34
36 34
36 34
44 27
48 30
46 31
36 34
39 34
40 33
44 32
43 35
44 32
40 33
40 30
40 30
40 32
44 30
40 33
40 33
40 33
42 31
40 33
36 34
40 34
40 34
46 31
44 28
44 30
36 34
40 32
53 32
36 35
44 30
36 32
40 33
46 27
36 32
40 32
36 31
40 32
40 29
40 33
36 34
36 31
36 34
44 35
44 31
44 30
40 32
40 34
40 32
40 29
40 33
40 29
40 33
36 32
44 30
40 32
46 27
44 32
44 30
36 31
42 31
44 31
60 36
44 28
36 32
44 32
46 30
44 30
44 32
48 29
42 32
36 35
42 31
40 33
40 32
42 33
40 30
36 36
36 36
44 31
40 33
46 31
40 33
40 29
46 30
44 32
36 34
44 31
40 32
40 32
44 28
36 36
40 30
40 29
44 28
44 30
44 32
44 30
42 32
44 30
44 28
36 31
40 33
40 33
36 35
44 31
40 33
36 34
40 32
44 32
44 31
40 29
44 28
36 34
40 33
40 29
40 32
40 33
40 29
44 32
42 32
44 31
44 28
44 31
46 29
44 31
44 32
44 31
44 28
44 28
44 31
46 27
36 32
40 32
40 32
36 31
44 32
43 34
44 28
44 30
44 31
44 27
40 33
44 31
44 28
44 32
36 31
36 32
40 32
44 31
42 31
44 32
46 27
46 30
46 30
40 34
44 31
44 31
40 33
36 35
40 32
42 32
44 30
36 32
46 32
46 31
36 36
40 32
44 31
46 29
46 29
36 34
40 29
46 31
44 32
43 34
44 32
40 29
36 35
36 34
44 31
40 33
44 32
44 30
44 32
36 32
36 34
42 31
42 33
36 34
40 32
36 32
40 32
36 34
44 31
46 27
44 28
40 32
40 33
40 33
36 31
44 28
36 31
44 31
44 28
44 27
46 30
40 33
40 30
40 32
40 33
40 32
44 32
36 34
42 34
40 32
44 31
46 29
44 32
40 34
44 32
40 33
40 32
44 31
40 33
40 34
36 34
46 30
44 30
46 34
46 30
40 33
44 32
40 34
40 34
40 32
40 32
44 30
36 34
42 31
44 31
40 36
44 30
40 33
44 31
44 30
36 34
48 35
40 30
36 34
44 28
44 31
36 34
44 30
46 29
46 30
36 31
40 32
44 32
40 34
36 32
44 31
36 34
44 30
40 32
44 31
44 30
44 28
44 32
44 31
44 30
40 33
44 32
40 32
44 31
40 30
40 33
40 29
40 32
40 33
40 33
44 28
44 31
40 33
44 28
44 28
44 30
48 39
36 32
40 32
40 32
40 33
44 28
36 34
44 31
36 35
42 31
48 35
40 32
36 32
40 34
40 29
44 31
44 32
36 36
44 32
36 31
44 30
36 34
42 31
36 31
46 31
40 29
36 32
46 30
40 32
36 31
40 33
40 33
44 32
48 26
42 31
40 32
44 28
40 32
36 34
40 33
40 32
44 32
40 30
40 32
40 29
40 32
44 28
36 32
44 31
42 32
46 30
36 34
44 31
44 31
44 31
40 32
40 30
44 28
40 32
44 28
40 32
40 33
46 30
36 34
44 31
40 34
44 31
43 35
40 32
44 32
44 30
40 32
44 32
36 31
44 32
44 31
44 31
36 31
40 32
44 31
48 28
44 32
43 35
46 31
36 34
40 33
40 32
36 34
44 31
40 32
46 31
40 34
36 31
36 34
36 34
44 32
44 30
36 34
44 32
44 32
40 33
40 34
44 31
44 28
40 33
46 29
36 34
44 32
44 32
40 32
42 35
46 29
40 34
42 31
44 31
40 30
44 30
53 35
40 33
44 28
36 34
44 31
46 27
44 30
44 31
44 28
40 33
40 33
40 32
44 28
40 32
40 29
44 32
44 32
42 31
44 32
39 36
44 28
40 34
36 34
36 31
44 30
40 34
44 30
40 34
40 33
44 31
48 30
44 32
44 30
36 34
40 32
40 32
40 30
36 34
36 36
44 31
44 32
40 32
36 35
46 30
36 31
40 33
44 31
40 32
40 33
44 30
44 30
44 32
40 33
40 32
40 32
42 32
44 27
40 29
40 32
40 34
40 34
36 31
40 33
44 30
36 32
36 31
44 31
44 31
36 32
52 38
36 31
44 28
44 31
40 29
48 29
44 32
44 30
44 30
44 27
36 34
52 36
40 33
40 32
44 30
42 31
44 27
40 34
44 31
40 34
42 32
44 28
46 29
49 36
39 34
40 32
44 28
44 30
44 28
40 32
44 31
44 28
40 33
44 31
44 31
40 32
40 34
44 30
44 30
40 33
40 33
36 34
44 31
44 31
46 30
40 33
36 32
46 27
40 32
36 34
44 31
40 33
36 34
44 27
48 30
44 32
36 32
44 31
44 31
40 32
40 33
39 36
44 31
44 31
40 33
42 32
44 31
44 28
36 31
40 33
44 31
40 33
44 31
44 30
44 30
46 29
36 36
40 33
44 31
40 32
42 33
44 30
40 29
40 32
44 31
47 30
40 33
36 34
36 34
44 31
46 27
44 32
40 33
40 33
36 34
40 30
44 31
40 32
40 32
44 30
40 34
40 32
44 32
44 32
44 30
44 30
36 35
44 32
48 39
46 32
40 33
40 29
40 30
46 27
44 31
46 29
45 31
44 32
40 32
40 30
42 32
40 29
44 32
40 29
40 29
40 32
40 33
40 32
40 32
40 32
44 30
44 31
40 29
39 33
46 27
44 32
47 30
36 34
36 34
40 32
40 33
40 29
40 32
44 32
40 32
44 30
36 32
36 32
44 31
36 34
36 34
40 33
36 34
36 31
40 34
36 34
40 32
44 28
40 34
36 34
44 30
40 34
36 34
46 27
48 30
44 30
44 31
44 31
36 31
40 33
40 34
44 31
46 30
40 33
44 32
36 34
42 31
40 29
44 31
40 32
40 29
44 30
48 26
40 33
40 29
40 29
44 30
40 32
44 32
44 31
40 32
44 32
42 31
40 32
36 32
44 31
44 30
40 32
36 36
36 31
44 31
44 31
40 33
36 35
36 31
40 33
36 34
40 32
44 31
39 34
42 31
44 32
40 33
40 34
42 31
44 31
40 32
40 32
42 32
44 28
44 30
40 32
36 31
40 32
36 32
40 32
40 33
40 33
46 30
44 31
40 33
46 32
44 31
40 32
44 30
36 35
44 30
40 34
40 33
44 32
44 32
40 32
44 31
48 26
40 32
40 33
40 32
42 32
44 32
36 34
40 32
36 34
44 30
36 31
40 33
40 34
44 28
40 32
40 32
46 29
46 29
36 34
44 28
44 31
40 32
44 31
36 31
44 31
44 32
40 32
44 28
36 34
36 31
40 33
40 32
44 31
40 32
36 31
40 33
36 31
44 31
40 32
36 31
40 29
52 33
44 31
40 33
40 33
42 31
40 32
44 30
44 32
40 32
40 33
40 32
44 28
36 31
40 29
46 30
40 33
44 31
36 31
44 31
44 32
46 29
40 33
36 35
40 29
56 35
40 32
44 31
36 34
40 30
40 29
44 31
40 32
46 30
40 32
42 33
44 31
44 32
40 32
40 34
44 30
36 32
44 27
36 32
36 31
44 31
44 32
44 30
40 33
40 33
50 39
36 34
36 31
44 32
36 35
40 32
40 33
40 33
40 32
40 33
44 30
36 35
46 30
44 28
40 32
42 32
42 32
46 30
40 33
39 33
48 38
46 33
36 31
40 32
40 29
44 32
44 30
40 32
36 34
40 32
44 32
44 27
40 34
40 32
36 34
36 35
40 34
44 32
44 31
40 33
44 30
48 29
40 32
40 37
47 32
40 32
44 31
44 31
44 31
56 35
58 36
40 32
46 32
44 32
36 34
36 34
36 31
44 31
36 32
40 29
36 31
40 33
40 33
44 31
44 31
40 33
44 35
40 30
44 28
36 32
46 30
40 29
40 34
40 32
40 33
40 33
36 31
40 32
44 31
44 31
40 30
44 31
40 29
36 31
40 32
40 33
44 30
45 35
44 31
56 35
36 31
40 33
44 30
44 31
44 31
42 32
46 30
44 30
40 29
44 31
44 31
40 32
40 33
44 32
44 30
44 28
44 32
44 30
40 32
36 31
36 31
40 33
44 28
40 32
42 33
40 32
44 32
44 32
40 32
44 28
40 29
40 30
36 32
44 30
44 32
40 33
46 31
46 30
39 33
36 34
40 33
36 34
40 32
46 31
44 31
40 32
44 31
46 31
44 31
40 34
40 33
40 32
36 34
50 33
44 27
40 34
44 31
40 33
44 31
44 32
36 34
40 34
52 38
44 28
40 32
40 34
44 30
36 31
40 32
36 31
40 33
40 32
40 32
44 32
40 32
36 31
40 33
40 33
40 32
40 30
36 34
40 33
40 32
47 29
36 34
40 29
36 34
36 34
44 31
44 28
36 34
40 32
42 31
44 35
44 32
36 34
36 34
48 36
40 33
40 30
40 33
44 30
40 33
44 31
40 33
40 33
44 27
40 34
40 33
40 32
40 29
36 31
40 34
36 31
44 28
46 31
44 32
36 36
46 27
36 32
40 33
40 29
40 29
44 30
40 33
40 34
40 34
40 33
44 28
36 31
40 33
40 32
40 33
42 33
40 30
36 34
40 33
36 35
36 32
40 32
36 34
44 31
48 36
46 27
44 27
36 31
36 35
36 34
40 32
44 31
40 29
36 34
44 31
40 33
44 30
40 29
40 33
39 34
40 34
48 34
44 32
36 34
36 32
36 31
36 31
40 33
47 32
40 33
40 34
36 31
36 32
46 31
44 31
44 30
40 32
44 28
36 34
40 32
40 29
44 31
40 33
40 32
40 32
36 31
44 32
46 30
40 33
40 33
40 32
40 33
36 32
44 30
44 28
40 33
36 36
36 34
40 29
40 33
44 31
46 32
42 32
42 32
44 31
40 30
40 32
44 32
44 30
40 32
40 33
44 30
40 33
40 29
44 32
40 33
44 28
44 32
44 31
40 29
40 33
44 32
40 32
43 35
36 32
44 28
42 32
44 31
40 33
40 29
44 28
44 28
53 38
44 28
36 34
40 33
44 32
44 31
42 32
49 32
40 33
36 34
36 31
40 34
40 33
44 30
46 30
40 33
36 34
40 32
40 33
36 36
40 34
40 32
40 32
36 32
40 32
40 33
40 33
36 31
40 33
40 33
40 33
44 32
40 33
40 33
46 32
36 31
40 33
40 32
40 34
44 32
36 34
44 31
40 32
36 31
44 31
40 32
40 34
40 30
44 31
36 32
44 30
36 32
36 34
44 32
40 29
44 32
40 33
40 33
44 28
42 31
40 29
44 31
40 29
40 32
44 30
36 32
44 28
36 35
40 34
40 34
44 28
36 32
44 31
40 33
44 28
44 31
40 32
40 32
40 32
40 34
36 31
40 32
36 32
40 34
44 31
44 31
40 33
40 32
44 32
44 31
40 29
40 33
40 29
40 32
40 29
40 33
40 32
36 36
44 31
36 31
44 31
36 34
48 30
44 30
40 32
40 32
40 32
44 32
36 34
40 32
36 36
44 30
44 28
42 33
44 28
46 31
40 29
40 33
46 31
40 33
48 29
47 34
40 34
42 31
46 27
44 30
40 33
47 32
36 32
40 33
40 32
44 30
36 31
44 30
36 35
40 33
44 31
36 34
40 32
40 29
44 36
40 32
48 28
40 34
44 31
40 33
44 28
44 31
40 29
40 32
44 30
36 36
44 32
46 29
40 32
40 32
46 30
44 31
36 34
36 34
44 30
46 29
44 30
44 31
40 33
40 29
36 34
44 31
40 33
36 34
46 29
36 34
44 28
36 34
40 34
44 30
45 33
40 29
40 29
36 35
40 29
40 32
44 28
40 32
36 34
36 34
48 36
40 29
52 37
40 32
36 31
44 32
40 33
50 36
40 32
42 31
40 32
46 30
44 31
40 32
44 28
36 34
44 30
44 31
39 36
36 34
36 35
42 32
40 33
44 31
36 32
36 34
40 34
44 30
36 31
44 31
40 33
36 34
44 32
46 30
40 34
36 32
46 30
44 32
44 30
40 33
36 34
46 27
44 37
44 31
40 33
42 31
40 33
44 31
46 29
36 31
46 27
40 33
40 32
40 33
36 36
44 28
45 37
44 30
36 32
40 32
40 30
36 34
40 32
36 34
36 34
39 33
40 32
44 28
40 30
44 30
42 32
36 34
36 35
40 33
36 34
40 32
40 29
51 38
40 34
40 30
40 34
40 33
40 32
40 32
46 29
42 32
40 32
44 32
44 32
44 28
36 34
44 30
36 34
44 28
40 34
44 30
40 32
42 31
44 32
40 34
45 37
44 31
40 32
44 31
40 29
40 34
36 31
40 32
44 30
51 35
44 31
44 31
40 34
36 34
42 33
40 32
44 28
44 28
40 34
36 31
36 31
44 30
44 31
42 31
40 30
36 34
40 32
36 34
44 31
44 28
44 30
40 29
36 32
40 33
44 28
44 31
36 31
36 34
40 32
48 31
44 30
46 29
44 31
40 33
36 34
44 32
40 30
36 31
42 34
48 38
42 32
40 33
36 34
44 31
46 29
46 30
46 31
40 32
43 35
40 32
42 31
40 33
44 32
46 29
40 34
36 31
40 32
44 30
44 31
36 34
36 32
40 33
40 32
36 34
40 32
40 32
46 27
40 32
40 29
44 30
36 34
44 31
46 32
40 32
44 31
44 30
36 31
44 28
44 31
40 29
40 32
44 27
36 31
40 33
44 32
40 29
36 34
40 29
44 31
40 33
40 32
47 30
36 31
36 32
36 34
40 33
48 39
40 34
44 31
44 30
40 30
42 31
40 33
40 29
44 30
36 36
36 34
44 31
40 29
44 35
40 29
36 34
36 32
36 34
48 39
40 33
50 36
48 39
36 32
42 31
36 32
44 31
44 31
40 32
40 34
44 32
36 31
40 32
40 30
40 32
40 32
40 32
40 33
36 34
40 32
40 32
40 33
43 35
36 32
46 29
36 32
40 33
40 33
44 28
36 34
44 30
46 29
48 36
40 34
40 32
44 32
36 32
36 32
44 31
46 27
40 32
44 30
44 30
40 32
40 32
40 32
40 34
40 32
36 32
44 28
46 30
40 32
48 30
40 34
44 30
46 30
52 36
40 33
40 34
40 33
39 36
46 27
44 32
44 32
36 34
40 32
44 28
44 30
44 32
36 34
44 30
40 29
44 32
40 34
44 31
44 30
36 35
36 32
40 32
44 30
40 34
40 32
36 34
44 31
40 29
36 31
40 32
36 34
36 34
44 31
40 32
40 32
36 34
40 32
36 34
40 32
40 32
44 32
44 31
44 28
46 29
36 35
36 32
40 34
46 33
46 31
46 31
44 27
40 33
40 33
44 30
42 32
36 34
40 33
44 32
44 31
36 32
44 30
44 28
46 30
40 34
44 30
40 33
49 29
47 32
44 30
44 30
40 29
40 33
36 31
36 34
40 29
40 33
36 35
44 31
40 33
42 31
40 33
40 33
44 28
40 32
44 32
46 27
36 34
36 31
40 32
44 28
40 33
40 32
40 34
40 29
40 33
44 30
40 32
36 31
44 31
40 32
44 31
40 30
44 31
44 30
44 32
40 34
40 32
44 31
44 30
40 34
36 34
40 32
36 34
40 32
40 32
45 33
49 30
40 33
40 32
44 31
40 29
44 28
40 32
40 29
36 34
46 27
40 33
40 33
46 31
36 36
36 34
44 31
40 34
39 34
44 31
44 31
40 33
48 29
36 34
40 33
48 30
44 30
40 29
40 33
44 30
48 34
44 30
40 29
42 32
48 36
42 31
44 30
40 33
42 31
36 32
36 35
42 32
44 32
40 33
40 33
44 30
40 33
48 30
44 28
44 32
40 33
44 32
36 31
44 31
44 30
44 31
44 27
44 30
44 32
48 38
36 32
40 34
40 34
40 33
46 29
36 36
44 31
40 32
36 36
42 31
44 30
46 29
36 31
44 32
44 27
40 32
40 33
40 33
40 33
36 34
39 36
36 36
44 28
40 32
40 32
44 28
44 30
40 33
44 30
36 35
44 28
44 31
40 34
36 35
44 28
36 32
44 30
44 31
40 32
44 28
44 31
40 33
36 34
46 33
44 30
36 34
44 32
40 30
36 31
40 33
40 30
36 31
44 28
44 30
36 34
44 30
40 33
44 32
54 37
44 28
40 32
36 32
36 35
44 30
40 32
36 31
36 32
44 31
46 31
44 31
44 31
40 32
40 34
44 28
36 34
40 33
40 33
40 32
44 30
36 36
44 31
44 30
40 32
40 34
40 32
40 32
42 31
40 34
40 29
36 34
44 28
40 32
40 32
40 34
40 33
36 34
40 32
44 32
40 30
36 32
46 31
40 32
40 32
44 28
40 32
44 28
40 32
44 32
44 28
44 30
42 32
40 32
46 30
36 34
44 32
44 30
40 29
40 32
44 27
36 34
40 34
36 31
45 33
46 31
36 31
36 34
40 33
46 29
36 31
36 34
40 32
43 36
44 27
36 31
40 32
40 33
36 31
40 33
40 33
40 33
46 32
40 34
40 32
44 31
40 32
40 33
36 32
40 32
40 34
40 30
36 34
36 31
40 32
40 29
42 32
47 33
40 32
44 31
36 34
44 28
40 33
46 30
36 34
40 32
40 32
40 29
42 31
44 31
40 32
40 34
42 32
40 33
44 28
44 28
36 31
36 34
40 29
44 31
40 29
44 31
44 30
36 34
44 37
44 30
44 30
40 32
46 30
36 32
40 32
36 34
44 35
44 32
40 33
40 34
44 28
42 31
40 34
42 33
36 34
44 30
36 32
40 33
36 34
44 32
40 32
36 31
40 29
48 30
40 29
44 32
36 32
44 28
40 32
36 34
44 31
40 33
40 30
44 31
40 30
44 30
40 33
40 32
42 33
44 32
42 33
44 31
36 32
49 29
40 32
40 32
40 32
40 33
44 30
40 32
44 28
44 31
36 34
44 32
36 36
44 27
44 30
40 32
36 31
36 32
40 29
36 32
36 32
44 30
36 34
49 34
42 32
44 31
40 32
46 30
40 33
40 32
44 31
49 37
44 31
47 30
44 31
46 29
46 29
44 31
40 32
36 31
36 35
40 33
44 30
40 33
44 31
46 30
40 29
40 33
40 30
44 32
44 31
40 33
40 33
40 30
44 28
40 29
44 30
40 32
40 29
42 34
44 32
44 28
40 34
40 34
42 32
44 32
36 34
40 33
42 31
46 30
40 32
36 31
44 32
44 28
40 33
40 34
36 34
42 32
40 34
44 31
40 32
40 29
44 32
40 33
40 33
36 34
44 30
44 32
40 29
40 33
44 30
44 31
36 34
47 30
46 29
44 28
40 32
40 29
36 34
36 34
44 31
36 31
40 32
36 36
46 27
50 36
46 29
44 28
40 29
40 33
36 34
36 31
40 29
44 31
44 31
43 34
44 30
36 34
48 29
44 31
52 37
40 34
40 29
44 31
44 31
44 30
44 30
36 31
36 35
40 32
46 30
36 35
46 29
40 29
46 31
36 34
44 30
36 31
46 29
40 29
44 31
44 31
40 32
44 31
46 30
36 31
48 38
36 34
42 31
40 34
44 32
40 33
40 33
44 28
40 32
44 28
52 36
40 33
42 32
36 31
40 32
40 29
44 30
40 32
40 32
36 34
44 32
40 32
36 34
44 30
40 33
46 27
36 34
40 33
36 34
44 32
40 33
40 32
40 33
40 32
40 32
44 30
40 32
44 32
46 29
44 31
40 29
40 33
46 31
40 34
36 32
46 30
36 34
36 32
44 30
44 32
36 34
47 30
40 34
44 28
40 33
44 31
44 32
44 32
36 32
44 32
46 30
40 32
46 30
36 31
40 33
36 34
46 27
40 29
39 34
44 30
40 33
36 34
40 32
42 33
36 34
40 34
44 30
36 35
36 34
44 30
44 31
40 33
36 32
40 33
40 34
42 31
48 29
40 33
40 32
40 33
44 30
36 34
36 32
44 31
44 31
36 31
44 28
44 30
36 31
36 31
40 32
36 36
42 31
36 34
40 32
40 32
44 30
44 28
44 30
44 30
40 33
46 32
40 32
36 34
40 34
46 30
36 34
40 34
44 31
44 31
44 31
40 32
44 32
46 31
42 32
44 32
44 28
40 32
36 31
36 34
44 32
46 30
44 32
46 27
44 31
44 31
46 29
36 35
46 27
36 34
44 31
46 30
36 31
44 31
40 32
36 32
40 32
48 38
40 33
36 34
44 31
40 32
40 33
44 32
44 30
36 34
44 30
40 32
36 34
44 31
40 33
40 29
46 27
40 29
44 28
40 32
40 33
44 31
36 34
44 28
40 32
40 33
36 31
40 33
40 32
40 34
44 28
40 29
40 30
40 32
40 34
44 31
44 27
44 30
40 32
40 30
40 32
40 29
40 34
40 33
40 32
44 31
40 34
40 32
40 32
44 31
44 30
46 31
47 29
40 33
46 31
40 33
40 29
36 36
36 34
46 27
36 32
40 32
44 28
44 31
40 34
40 30
40 33
44 30
42 32
44 32
44 30
44 28
36 36
46 29
44 28
44 27
46 29
36 34
40 34
40 29
40 33
36 34
40 33
44 31
40 29
49 36
36 36
40 32
40 29
44 30
48 38
36 35
40 29
47 32
44 30
44 31
40 32
36 31
46 31
40 33
40 34
44 32
42 31
44 34
44 28
46 30
40 32
36 31
46 27
40 34
44 31
40 32
40 33
40 33
36 34
36 32
40 33
40 33
40 32
44 30
40 29
40 34
40 33
44 30
40 32
46 31
40 32
40 32
40 32
40 34
40 33
40 33
40 32
46 29
52 38
44 28
40 33
40 32
40 33
40 33
40 32
36 34
36 32
40 32
42 32
40 34
42 31
40 32
46 29
36 31
44 31
40 29
40 33
40 32
46 30
44 31
36 31
40 32
44 30
44 30
36 36
36 34
42 34
40 32
36 34
44 28
40 34
36 34
36 31
42 35
40 32
36 32
44 31
36 32
44 30
36 31
40 34
50 40
46 30
40 33
44 31
44 28
40 34
40 33
48 38
36 31
40 33
44 28
44 31
36 34
42 31
40 32
36 32
40 32
40 33
40 33
36 32
40 34
48 30
42 33
40 30
40 33
36 31
44 31
44 28
48 38
40 33
36 31
40 30
42 32
36 32
44 31
44 31
36 35
36 34
40 32
44 28
44 30
44 32
36 31
44 30
40 32
36 31
36 36
36 35
36 34
40 32
36 34
46 29
40 30
40 29
36 34
40 33
48 29
44 30
40 32
44 31
40 33
40 32
40 32
44 28
42 32
36 34
