80 61
80 58
76 62
80 63
96 66
76 62
72 62
76 58
88 56
84 56
80 62
80 63
80 59
72 62
88 65
84 58
76 63
88 54
72 61
80 61
84 62
80 62
72 62
80 57
80 58
80 61
76 58
72 63
80 64
86 62
80 59
76 63
80 61
76 61
76 64
72 61
86 56
84 58
76 61
80 61
72 61
84 59
76 58
90 57
80 63
76 60
80 61
80 56
88 61
76 61
80 60
78 61
80 59
80 60
80 57
84 61
76 62
84 63
84 60
92 53
80 62
76 64
76 62
80 59
84 62
90 53
76 61
80 58
72 63
80 58
80 59
76 64
76 60
76 62
80 58
84 58
80 57
76 61
80 62
80 56
78 61
80 64
88 60
84 61
76 62
80 63
80 62
80 62
72 62
72 62
76 58
84 56
80 63
84 59
80 61
80 60
76 64
84 63
72 57
84 57
80 59
84 62
84 62
84 55
88 58
76 62
72 62
80 58
84 61
76 62
80 58
87 61
88 57
80 60
80 61
76 61
76 58
80 60
88 56
88 61
80 57
76 63
76 61
84 60
72 61
80 56
88 57
72 62
84 61
76 63
80 60
80 62
80 61
80 60
80 58
76 62
86 61
76 60
80 61
76 59
72 58
76 62
84 57
88 58
80 58
72 63
72 63
86 59
76 56
76 61
84 59
88 60
76 62
72 61
86 60
84 61
76 59
80 61
76 63
82 62
80 61
76 64
86 62
84 63
88 60
84 58
80 60
84 59
76 59
76 58
80 62
84 56
76 61
80 60
80 63
80 60
88 59
88 57
80 61
84 57
90 60
88 56
72 63
72 62
76 60
80 59
78 59
76 62
86 58
76 59
72 60
80 61
72 61
76 62
86 60
84 63
76 61
72 63
76 63
76 63
80 58
86 62
76 58
84 62
80 60
72 63
72 61
84 61
88 57
80 61
80 57
76 64
84 58
80 56
84 57
82 61
76 61
76 58
84 62
84 61
72 62
84 60
84 61
80 56
80 63
84 62
78 60
76 62
84 59
88 58
72 62
84 61
72 61
86 61
84 57
72 58
80 63
76 61
84 56
80 56
88 52
84 60
80 58
76 60
80 62
72 62
76 63
88 58
72 60
76 61
82 56
72 63
80 61
72 61
84 60
88 54
76 62
72 61
72 63
76 56
88 62
84 55
76 61
80 63
84 60
84 57
80 64
88 55
80 60
76 61
88 57
76 59
76 62
80 61
72 63
76 63
76 63
76 63
80 61
80 61
80 63
80 63
82 60
84 57
80 62
84 63
80 60
88 58
84 60
84 60
76 59
76 61
80 60
76 62
80 59
82 59
84 58
80 57
84 59
84 62
72 61
76 62
80 61
80 63
80 54
88 57
84 57
82 60
76 58
84 61
80 57
86 61
76 62
82 59
76 63
80 61
84 60
80 57
82 59
84 52
72 62
72 57
88 58
84 60
88 65
76 61
84 60
80 63
76 61
88 61
80 58
86 60
86 59
72 61
80 58
80 57
88 58
72 62
76 59
76 61
72 62
76 60
84 56
80 57
72 58
84 59
80 60
76 58
80 59
80 57
72 64
84 59
80 63
76 64
80 56
80 58
80 63
72 60
84 58
76 62
72 61
80 61
88 54
80 54
76 61
84 59
76 60
72 61
76 62
80 60
80 63
84 61
72 63
82 61
88 59
84 58
76 59
72 62
80 63
76 61
84 60
84 59
72 61
80 61
84 59
80 59
76 62
80 56
72 62
84 58
88 58
76 63
80 60
90 58
76 61
76 61
76 61
76 58
80 61
84 64
80 63
84 57
80 63
90 53
84 56
80 60
84 59
80 61
76 62
72 62
80 56
76 64
82 60
80 62
76 60
80 59
84 61
80 57
80 61
84 57
84 60
84 59
72 63
84 60
80 63
84 59
72 63
88 57
80 57
76 60
80 60
80 60
76 62
76 63
84 61
86 55
72 61
76 62
84 62
84 59
76 60
88 56
80 59
72 57
80 64
84 57
80 60
76 59
84 58
76 60
88 56
76 60
76 59
84 60
84 60
80 63
84 54
80 59
80 63
84 63
84 60
84 58
76 59
76 63
84 54
80 63
84 61
80 60
76 62
76 61
80 61
72 63
88 59
76 63
84 62
72 60
72 62
76 62
80 62
76 59
76 60
84 57
72 64
76 59
72 60
84 58
90 57
86 58
88 54
76 63
88 56
82 60
80 61
84 59
80 54
90 58
72 60
84 63
76 62
88 60
76 60
80 58
86 61
76 63
76 62
88 58
72 60
76 59
80 61
84 62
76 61
82 58
80 61
88 52
80 64
72 61
76 61
80 61
72 63
76 64
72 63
84 61
72 62
76 61
84 57
76 56
84 62
76 61
82 59
80 62
72 62
84 59
72 63
90 59
80 58
76 63
80 63
84 57
76 58
76 58
84 59
88 57
82 61
88 55
76 63
80 59
72 62
72 63
90 58
76 62
72 63
84 61
88 57
76 61
76 61
82 61
76 60
88 60
80 60
76 61
84 62
86 59
76 63
76 61
80 61
72 58
72 63
76 56
72 61
84 60
88 57
84 59
72 62
84 62
84 62
80 59
84 56
76 58
80 61
76 61
82 59
84 61
80 59
84 54
80 61
76 59
84 61
80 61
80 63
76 62
76 59
88 55
86 57
88 61
80 60
72 63
80 63
84 61
76 64
76 63
86 54
80 60
76 59
72 63
72 62
88 59
72 63
80 60
84 57
80 63
84 61
72 63
82 56
76 59
80 60
76 63
76 59
76 61
80 60
80 64
84 64
80 59
80 61
86 58
88 60
80 63
76 61
76 59
80 61
80 59
76 56
72 60
88 58
76 61
84 61
82 62
80 58
72 60
84 60
80 59
80 59
86 61
72 63
80 63
88 58
84 59
80 57
76 62
84 60
84 60
80 61
80 54
72 62
76 61
88 56
76 61
72 58
80 63
84 60
84 63
76 59
80 57
80 61
76 61
84 60
80 63
76 59
80 59
76 61
80 60
80 58
80 63
84 62
84 60
80 63
80 58
80 61
86 60
80 63
76 56
84 60
80 63
86 59
84 62
84 57
80 63
76 63
80 60
72 61
76 60
72 63
80 60
80 57
80 61
84 60
88 57
82 62
76 60
80 63
88 61
84 62
72 60
84 57
80 61
72 62
76 62
80 64
80 61
84 58
76 58
72 58
76 62
76 61
80 61
76 62
86 58
76 61
76 62
76 62
72 57
72 62
80 61
82 61
78 62
80 61
82 60
76 64
90 57
76 63
88 56
80 61
80 62
86 56
84 60
80 63
82 62
84 61
86 58
84 59
88 58
88 60
80 57
80 62
84 60
76 56
84 54
72 61
80 61
84 59
84 57
80 62
80 58
80 57
80 62
86 58
76 62
80 60
80 61
80 57
82 59
76 63
72 63
72 63
76 64
80 63
88 57
84 59
84 61
76 64
80 64
84 60
82 58
80 63
80 62
82 60
86 63
76 62
84 61
76 64
80 61
72 58
72 58
90 51
76 61
72 61
82 59
76 63
80 62
80 58
88 59
80 57
72 61
80 61
84 61
80 61
88 57
72 62
82 60
84 59
76 60
92 62
82 59
84 59
90 57
86 61
76 61
72 63
82 60
84 56
72 63
80 61
76 56
72 62
80 60
88 57
80 64
72 63
84 59
80 59
72 63
80 61
80 61
72 64
80 63
76 56
84 62
84 62
72 62
88 54
80 57
72 62
80 57
72 61
80 63
84 61
80 56
80 63
80 62
84 61
84 61
76 60
76 62
76 63
72 63
72 63
82 58
72 61
84 60
72 60
84 62
84 60
86 62
80 59
84 62
88 55
72 61
80 61
88 59
80 59
80 63
76 59
92 67
80 64
72 62
82 59
88 57
84 59
84 59
76 62
80 60
84 56
84 58
80 61
80 59
84 59
76 61
88 60
76 63
80 57
76 56
72 58
80 60
76 61
76 58
80 64
80 54
84 58
72 62
72 60
80 60
76 62
80 59
76 61
84 57
84 59
86 59
76 64
84 62
80 58
88 56
76 62
84 57
84 63
80 64
80 62
80 54
80 62
72 60
86 58
90 57
84 61
80 59
84 60
84 60
80 61
80 57
72 61
84 61
80 64
84 63
80 63
76 62
76 62
76 61
88 59
76 64
84 62
80 59
84 58
80 60
72 62
80 64
84 60
72 60
80 57
84 60
72 60
86 60
76 62
80 63
80 63
76 59
84 61
76 56
80 61
76 59
76 60
80 59
76 60
76 59
76 64
72 63
82 63
84 59
76 61
80 63
76 56
72 61
76 61
72 61
80 59
76 62
76 56
80 60
80 60
84 56
80 63
80 61
80 61
88 58
80 60
72 62
86 58
80 60
80 60
84 61
72 60
76 62
80 61
84 59
80 59
76 63
80 62
88 61
76 62
88 60
84 59
86 58
76 58
86 59
80 62
80 62
80 61
82 61
76 61
80 56
76 64
88 58
80 59
72 62
76 61
84 61
76 63
80 64
72 63
86 62
76 62
80 62
80 62
80 59
86 60
80 64
72 63
80 60
86 59
84 59
76 64
78 62
80 63
88 59
80 59
76 60
76 64
84 57
76 63
76 61
76 61
90 55
88 59
76 60
84 59
80 62
80 61
76 62
82 62
84 59
88 56
72 63
88 55
84 61
80 63
76 60
76 61
84 58
76 61
80 61
80 57
80 62
72 62
88 58
84 60
84 57
76 63
80 61
84 56
72 61
84 58
80 62
80 59
72 57
80 59
72 61
88 53
72 61
80 59
80 58
76 59
76 59
76 61
82 58
84 59
80 60
90 56
80 58
76 62
80 60
72 60
86 61
80 62
72 61
84 63
76 59
80 60
80 60
84 60
80 58
76 61
72 63
72 62
76 59
80 63
80 61
76 59
80 64
80 60
76 62
82 60
80 61
80 61
80 63
72 63
84 62
80 58
76 64
86 58
80 62
76 58
84 58
88 56
80 60
72 62
80 58
72 63
72 58
76 63
72 62
80 58
80 62
88 57
88 58
72 61
72 62
76 60
84 59
84 62
76 61
84 57
72 60
80 62
76 59
80 61
80 60
80 60
88 62
76 63
72 62
72 63
88 61
88 54
88 58
88 57
72 62
80 61
76 60
72 60
72 63
80 60
72 62
88 59
80 62
80 61
86 58
82 58
76 60
84 59
76 63
84 58
72 60
72 60
82 59
76 61
72 61
80 61
82 57
84 57
80 63
76 63
76 58
88 52
84 59
84 60
76 64
72 62
76 56
86 60
84 60
84 62
76 60
82 60
90 56
84 59
76 56
88 58
88 55
72 61
76 62
80 62
80 61
78 60
76 61
82 60
76 62
86 57
76 60
78 62
80 61
84 61
76 61
80 62
76 61
76 60
72 62
76 62
86 61
80 59
76 63
76 59
80 60
86 62
80 59
76 59
80 63
72 62
76 61
80 60
90 58
80 59
76 63
80 61
80 62
84 59
76 62
80 57
84 62
82 59
72 63
80 62
80 59
84 61
88 59
84 59
88 60
80 54
76 56
80 58
76 59
80 61
76 61
84 57
80 60
88 56
76 62
88 56
80 61
72 63
84 63
72 61
80 61
84 61
72 61
80 60
72 61
80 61
76 59
76 63
80 61
72 62
80 57
80 60
90 56
88 58
76 64
80 61
76 61
76 60
88 56
88 56
72 60
84 54
80 61
72 61
88 59
84 59
76 61
80 59
86 57
84 57
88 58
76 60
80 64
72 62
72 61
84 60
80 61
72 58
80 63
76 62
72 61
76 63
72 60
84 58
84 57
80 59
84 57
76 63
86 60
76 62
84 60
72 63
76 60
80 61
80 61
84 59
80 60
80 62
88 57
80 58
76 61
84 62
80 60
84 60
72 63
88 57
84 62
88 55
84 56
86 58
84 62
76 63
72 60
76 62
76 62
80 60
80 62
80 58
76 64
84 61
76 62
76 62
80 59
76 62
80 58
76 60
88 54
76 60
82 57
76 61
76 59
90 57
72 62
84 60
80 60
76 61
76 61
80 62
76 62
88 58
86 57
80 61
84 59
76 60
80 61
88 57
76 62
72 63
80 63
80 64
80 58
80 59
76 56
80 60
76 59
88 59
84 61
80 61
76 61
84 56
80 59
84 60
80 60
80 56
72 61
84 60
80 61
84 57
84 55
80 61
88 59
80 59
86 59
88 58
84 62
72 60
80 57
82 57
88 52
76 60
72 61
80 63
80 63
72 61
80 62
88 60
86 55
72 62
76 60
80 62
80 64
72 61
76 59
84 59
80 60
84 59
84 63
88 56
88 55
80 57
84 62
76 62
80 63
84 61
76 61
76 60
84 58
84 58
84 56
80 63
76 59
80 60
80 61
76 61
72 63
72 61
80 56
76 61
80 62
88 56
84 62
80 60
72 63
80 61
76 62
84 60
72 61
82 59
76 61
80 59
72 62
72 63
76 59
72 62
84 60
76 63
80 63
84 55
80 62
84 63
80 62
80 59
88 54
80 60
88 58
72 62
76 62
76 62
80 62
90 55
80 62
76 61
76 58
80 60
72 64
76 59
84 60
76 59
80 64
84 62
84 60
72 62
88 57
84 59
82 63
80 58
83 62
82 59
84 60
84 55
80 60
84 61
84 54
72 62
84 62
84 61
76 60
76 63
76 60
84 66
80 59
72 62
80 61
84 68
84 59
76 63
88 54
80 64
90 58
88 58
80 58
88 55
