68 47
56 50
66 47
68 45
64 50
68 46
60 51
64 48
56 49
64 46
80 54
72 51
60 47
64 47
60 51
62 52
56 49
72 47
60 44
56 52
68 47
68 42
56 51
66 48
60 50
56 47
68 47
64 50
64 48
64 49
60 48
60 50
68 48
60 50
64 48
60 47
64 45
60 48
74 50
64 46
60 50
77 55
68 47
70 51
64 48
56 47
67 56
60 52
64 50
56 47
72 55
56 49
64 49
60 47
72 44
56 46
75 51
68 43
70 46
56 46
60 51
60 50
64 46
60 52
71 55
64 48
64 49
60 51
62 51
60 50
68 45
64 47
64 49
64 49
60 48
60 50
68 44
66 48
68 44
60 44
64 46
56 52
60 48
64 48
64 47
66 50
70 47
56 50
70 56
68 47
64 45
60 49
60 48
64 45
60 51
64 47
68 55
56 51
60 49
64 49
60 50
64 47
70 44
60 47
60 50
64 47
66 45
60 50
64 50
64 50
72 56
70 46
56 52
60 52
64 50
68 46
68 53
64 49
56 51
70 47
64 49
60 47
66 50
56 49
66 45
56 51
64 49
66 49
60 51
68 55
70 50
63 50
68 46
64 47
60 50
71 52
60 52
64 50
60 50
70 52
60 44
60 51
66 48
70 44
60 51
64 49
56 49
60 48
60 49
68 56
56 46
56 50
64 49
60 51
60 50
64 48
56 47
60 51
64 48
56 47
63 53
60 44
60 51
56 49
60 50
60 50
60 50
64 46
64 48
60 48
62 49
60 47
64 50
64 48
64 47
64 47
60 48
64 47
64 47
68 45
60 50
56 51
56 49
60 51
68 41
60 49
56 50
61 54
62 50
64 47
56 50
56 52
64 49
56 49
64 50
68 44
64 49
68 45
68 48
68 47
64 49
60 49
60 51
60 51
64 46
64 50
60 47
60 51
68 48
64 48
65 54
64 47
56 51
56 47
60 47
64 47
60 50
56 52
60 52
68 48
56 49
64 50
70 46
66 51
64 50
60 51
64 47
64 50
64 49
60 49
71 53
64 47
74 49
60 50
64 49
64 50
64 46
65 55
68 52
68 49
56 49
58 47
64 50
56 49
60 48
60 50
63 55
68 44
60 49
64 49
70 44
64 47
64 47
66 45
60 50
68 49
60 47
71 55
56 50
64 48
60 50
56 49
56 47
64 46
60 47
64 47
69 51
60 51
70 54
64 46
60 48
68 48
64 46
64 47
63 53
60 48
60 50
64 49
64 47
64 47
64 50
56 46
60 50
64 47
66 47
66 47
64 49
60 47
56 51
60 47
68 44
68 47
63 53
61 55
60 51
64 46
64 49
60 48
60 48
58 53
60 48
68 44
60 52
60 50
56 46
56 49
60 52
70 48
60 51
64 49
60 48
64 49
68 47
70 50
60 47
68 45
56 51
60 48
64 47
64 49
75 51
64 50
68 49
64 48
60 50
60 51
68 47
60 50
56 47
56 49
60 51
66 50
60 48
56 46
68 47
60 50
68 48
64 47
64 51
68 45
64 49
64 50
64 45
64 47
64 50
64 47
74 51
60 50
56 52
64 48
64 50
64 49
68 44
64 51
60 52
64 48
64 49
56 51
60 51
60 50
60 49
60 48
64 47
60 50
77 55
60 48
64 50
56 51
64 49
75 58
66 46
63 49
60 50
56 52
56 47
60 51
64 49
64 45
68 45
66 49
72 54
66 49
60 47
60 50
64 51
60 51
63 52
56 51
64 49
68 41
64 49
60 47
64 50
60 51
66 49
60 47
60 49
68 47
68 47
56 51
60 51
56 51
56 47
56 46
64 46
68 47
64 49
70 44
64 48
64 50
56 49
76 51
60 47
60 50
64 48
66 48
60 47
60 50
64 47
64 48
60 47
80 49
68 44
67 53
59 51
64 49
60 51
60 50
56 51
56 50
64 45
56 51
64 51
64 53
56 50
64 48
68 53
62 46
60 49
73 54
64 50
62 49
68 42
64 49
60 47
56 46
64 49
60 52
56 46
60 50
60 49
60 50
64 49
60 45
60 50
70 47
56 49
60 47
60 51
69 55
74 53
64 50
60 51
64 50
60 51
68 47
64 50
60 47
56 49
68 46
66 45
68 48
64 49
64 47
56 52
60 51
66 49
56 47
60 49
64 50
68 46
66 47
56 51
60 50
56 49
64 49
60 47
66 49
64 47
64 49
68 42
56 51
70 47
64 47
60 51
70 45
79 53
68 45
65 54
60 50
64 50
75 48
56 50
60 48
64 47
69 50
64 50
56 52
68 47
56 49
64 45
66 48
60 47
64 49
64 49
64 49
56 52
64 48
68 42
68 49
70 56
60 49
68 51
56 47
60 51
68 54
56 49
84 57
64 45
62 49
60 50
56 52
60 51
70 45
56 51
64 50
64 47
70 48
64 49
60 47
60 48
68 50
63 52
64 48
56 51
62 49
56 51
64 49
60 48
66 50
64 48
60 48
56 51
64 46
64 50
64 48
60 51
70 48
60 45
60 48
58 52
56 49
60 51
70 46
56 49
64 49
64 43
56 50
68 48
56 49
64 49
60 44
60 50
60 47
56 49
60 50
64 49
60 51
64 51
60 47
56 49
64 47
60 50
64 49
56 49
60 47
69 54
68 47
64 50
64 51
64 47
64 47
56 47
60 51
64 45
67 54
60 51
79 55
64 51
62 50
60 50
56 51
67 56
60 51
68 43
64 48
70 52
64 47
66 46
64 51
74 53
68 47
68 44
60 50
64 48
64 49
64 51
60 50
76 49
64 50
62 51
62 47
68 46
56 51
60 51
64 49
64 46
60 49
56 52
60 47
66 47
64 45
70 47
60 48
64 45
64 49
56 51
64 49
64 48
60 50
68 45
66 47
68 48
78 52
56 49
68 46
64 50
64 47
60 49
64 49
56 49
68 46
64 47
66 48
60 48
56 51
56 49
68 46
64 47
64 50
60 50
64 46
60 50
60 47
64 49
60 50
56 51
60 51
56 51
60 48
78 54
68 46
60 49
70 54
56 51
64 50
64 49
64 50
64 50
69 52
60 51
60 47
56 51
56 51
68 48
60 51
64 49
64 48
60 50
60 48
64 46
64 47
60 50
56 49
78 53
64 45
76 53
64 50
56 50
60 50
62 50
60 50
64 47
68 42
69 54
56 49
64 45
56 50
56 50
64 47
60 51
60 49
60 50
56 50
64 49
59 54
64 49
64 49
64 49
60 51
60 48
64 49
64 46
74 49
64 47
64 47
56 51
68 48
63 54
60 47
68 48
68 44
69 54
64 53
78 55
68 46
56 49
64 51
66 50
56 52
60 51
60 50
64 48
64 49
64 47
64 50
60 49
60 49
62 49
60 49
60 47
60 52
68 47
68 48
64 45
60 48
64 48
56 49
56 46
64 47
60 48
60 51
64 49
64 48
56 47
64 47
64 47
68 52
60 49
68 44
64 49
56 49
60 51
75 48
68 44
60 51
68 47
60 51
66 48
66 49
60 47
56 47
71 52
56 49
68 46
66 49
58 50
59 55
64 48
68 48
60 47
66 52
64 48
64 50
64 50
64 50
70 44
64 49
60 49
60 48
64 49
66 48
56 51
60 51
60 48
56 50
56 50
68 44
60 48
64 49
62 50
68 44
60 50
75 55
56 51
64 48
64 48
72 56
64 49
60 44
60 47
62 46
66 49
60 48
60 47
66 48
56 50
72 51
68 55
64 49
64 49
60 47
64 48
56 49
60 51
64 45
56 49
68 55
69 50
60 47
64 50
68 49
56 49
56 50
63 52
56 49
60 49
66 49
67 55
68 47
60 50
56 49
60 50
56 51
62 48
72 46
60 48
66 46
60 50
60 50
64 47
56 51
56 50
64 51
60 49
60 49
64 47
64 49
60 47
72 55
62 51
56 50
68 47
56 50
56 50
60 51
56 51
68 42
64 50
70 48
56 50
64 48
64 50
64 47
56 52
56 49
56 52
60 51
64 47
64 50
68 47
64 45
64 47
64 51
56 49
64 48
64 49
64 47
56 49
56 49
66 46
60 48
60 51
64 46
60 48
64 49
70 45
60 45
68 46
68 48
60 49
64 48
56 51
60 50
68 52
68 47
60 51
64 46
60 51
60 49
68 46
56 49
60 50
56 49
60 47
64 50
68 56
56 52
73 53
64 45
68 47
64 50
65 52
64 46
56 47
56 50
64 49
64 50
64 49
60 47
64 47
64 46
64 49
64 47
69 55
60 47
64 49
64 45
68 47
64 48
64 45
56 47
60 51
64 48
56 49
64 47
60 48
66 46
60 50
64 47
66 44
64 45
56 52
68 47
68 47
64 47
64 45
74 49
68 46
56 47
62 48
64 48
76 54
60 47
64 48
60 52
64 46
64 46
60 50
60 50
64 51
60 47
60 51
68 46
68 49
60 52
56 46
70 49
68 52
60 48
60 49
60 50
60 50
60 49
60 48
60 50
60 50
60 51
67 56
60 49
64 50
64 50
68 48
64 46
56 50
67 57
56 49
60 44
56 50
68 45
60 47
56 47
64 50
56 50
56 49
66 49
60 49
68 46
60 50
68 45
56 47
66 46
56 49
60 48
64 50
60 48
56 49
67 53
64 47
56 50
56 50
60 51
64 47
68 48
56 49
64 49
64 48
70 44
70 41
69 53
68 46
64 45
68 55
64 48
60 47
68 48
66 49
71 58
64 48
64 49
72 40
64 50
60 47
56 51
64 50
60 50
64 49
68 42
64 47
64 50
68 48
56 49
64 48
64 49
64 49
56 49
75 54
64 49
56 47
56 49
64 50
68 46
64 50
68 46
64 47
56 47
56 50
64 47
75 58
60 52
56 52
60 48
68 48
64 49
60 50
56 50
61 53
68 45
56 47
64 49
71 49
60 50
68 48
56 52
64 49
64 42
66 45
60 48
68 46
60 48
64 45
56 49
60 50
74 52
64 47
60 47
66 45
60 51
58 52
64 49
75 51
68 48
56 46
64 49
68 47
68 45
60 51
64 47
60 45
64 49
60 50
69 56
68 47
64 46
64 45
66 45
56 47
60 51
72 52
64 46
67 52
60 48
64 48
64 46
68 47
64 48
68 47
61 53
64 46
60 48
65 54
64 47
68 45
68 48
68 45
66 45
60 49
68 46
60 50
60 47
68 47
66 48
64 54
60 47
56 47
64 47
68 49
69 49
60 50
60 49
72 53
56 49
60 47
60 48
76 51
60 50
64 50
64 45
74 45
78 57
64 49
70 41
64 50
64 48
60 50
68 50
64 45
60 51
64 47
64 49
66 47
66 48
60 48
64 49
70 48
74 49
60 51
68 46
64 47
60 51
64 47
64 51
68 45
68 44
56 47
64 49
64 46
64 51
64 45
56 51
64 47
60 44
64 45
68 52
60 50
68 48
56 49
80 52
64 45
64 49
68 46
64 48
66 49
64 48
56 49
56 50
60 47
56 49
64 52
68 47
68 42
60 50
63 52
75 52
70 44
60 48
56 47
64 49
56 49
68 49
60 51
56 49
56 50
64 49
66 48
70 44
64 49
56 52
60 45
60 49
64 50
68 44
64 49
68 47
68 48
60 49
64 49
60 50
60 47
56 52
64 49
56 47
60 49
60 50
68 50
56 50
56 50
56 51
68 46
56 50
64 49
64 49
60 48
60 49
68 42
64 47
64 50
60 48
74 52
66 48
60 48
64 50
72 48
64 49
64 50
68 48
68 46
56 51
64 48
60 51
64 50
60 51
64 48
60 47
68 46
64 49
56 49
64 48
56 49
60 51
90 55
60 50
64 42
67 54
66 48
60 52
68 47
64 47
72 47
60 48
66 48
64 48
60 50
60 51
60 49
73 48
60 47
56 52
60 51
64 45
60 47
60 48
64 49
60 50
64 50
68 48
56 47
56 52
68 45
64 45
64 49
64 48
64 49
56 50
64 48
56 52
64 48
60 48
64 47
74 53
70 43
68 47
60 50
60 45
64 49
65 51
60 50
60 51
64 46
68 42
64 45
68 45
70 43
64 50
70 43
60 50
60 51
56 50
64 49
64 48
56 50
68 45
60 48
60 49
64 50
56 50
64 48
56 52
60 47
66 49
66 46
65 55
60 51
75 50
60 50
56 50
76 57
69 49
56 50
64 50
60 48
66 47
68 42
80 51
64 49
64 45
64 50
60 51
56 49
64 47
60 48
67 54
64 49
64 49
60 50
69 51
56 46
56 50
64 45
56 47
64 50
64 47
56 50
60 48
68 48
72 52
60 48
74 52
64 48
60 49
60 47
56 49
64 47
60 51
68 50
70 48
60 45
68 48
66 46
64 48
60 50
64 51
71 58
60 51
60 44
64 47
60 52
74 51
60 45
65 54
70 47
77 54
70 49
68 47
64 49
68 44
71 56
66 46
64 49
60 52
60 48
60 50
67 54
64 50
62 48
60 47
77 53
60 49
60 48
56 46
68 42
56 49
68 47
64 47
56 47
68 46
64 46
60 51
60 47
60 47
64 48
64 50
56 47
64 48
68 44
62 51
60 51
66 48
70 43
66 45
70 46
56 51
66 48
64 46
60 47
64 47
68 46
64 47
68 47
56 49
68 48
60 49
64 45
64 49
64 49
56 46
68 45
60 51
64 49
64 49
64 49
64 46
60 51
68 49
64 42
60 49
70 45
70 46
60 51
64 45
65 56
56 46
64 46
65 54
64 50
60 47
62 50
66 47
60 47
56 49
56 52
72 47
60 50
60 50
66 49
64 47
64 48
64 49
60 50
60 52
64 49
56 50
56 50
64 45
56 47
64 51
60 50
68 48
60 47
60 48
68 48
56 50
56 52
60 52
61 54
60 51
64 49
68 43
64 50
60 45
60 50
63 49
71 52
56 50
68 47
60 49
67 54
64 50
62 49
64 47
64 57
60 51
60 48
64 49
60 48
64 47
56 47
60 49
64 46
64 50
68 43
64 47
64 49
64 47
56 51
64 49
68 48
64 45
64 49
56 47
67 51
64 51
64 50
60 49
68 52
60 50
64 46
60 51
60 52
68 47
64 51
60 50
67 52
60 50
60 49
64 45
64 47
66 47
56 51
66 47
60 44
58 51
56 50
64 48
60 51
60 47
66 48
62 50
68 48
60 48
64 49
64 45
64 48
56 47
64 50
60 50
64 49
68 44
56 50
66 50
74 50
60 50
64 50
60 48
68 48
56 52
64 49
56 47
60 50
64 48
70 41
68 48
67 53
60 45
77 49
64 47
56 50
70 45
60 47
70 44
64 49
56 51
60 44
71 55
61 54
64 48
64 50
60 49
64 50
64 46
56 50
