62 44
58 50
58 48
66 42
54 44
62 44
58 45
54 49
70 44
64 44
54 44
62 48
62 47
66 43
54 48
58 45
58 45
58 47
62 47
54 45
62 47
54 49
64 45
62 48
62 49
58 43
66 42
58 48
54 45
66 42
62 47
62 47
58 42
58 48
54 50
62 47
54 44
66 41
58 42
54 45
62 47
62 45
66 48
58 46
62 43
62 45
58 46
66 46
58 46
62 48
58 45
66 45
62 45
68 42
60 46
58 43
54 49
62 44
62 46
58 48
54 47
62 45
58 47
66 40
62 49
54 45
58 48
62 47
54 47
62 45
62 46
75 49
66 44
62 47
66 45
64 48
62 48
62 47
58 46
66 47
62 45
62 48
62 47
62 47
58 46
64 46
64 46
62 44
58 49
58 48
66 42
62 49
62 45
71 49
54 47
58 47
62 47
66 45
62 48
62 46
58 47
70 44
54 47
62 48
62 40
62 46
58 45
66 47
62 44
58 50
58 48
58 48
62 45
62 51
58 46
66 44
66 43
54 49
58 49
58 47
62 48
64 45
62 47
62 46
58 45
54 48
66 43
66 41
58 46
58 48
62 46
58 49
58 48
54 47
62 47
62 45
58 48
62 46
62 48
66 44
62 48
58 47
54 49
58 47
54 47
62 46
58 48
58 45
62 47
58 50
62 47
64 47
62 49
54 44
62 44
54 48
58 48
62 45
62 44
62 48
58 49
62 47
58 43
62 46
62 48
58 49
58 48
54 48
58 45
58 48
68 44
58 46
64 46
58 45
62 48
66 45
62 48
58 46
58 47
66 45
58 47
66 48
54 44
66 44
66 47
58 48
54 50
58 49
58 50
62 44
62 48
62 48
62 49
58 49
54 50
62 44
68 42
62 44
62 44
62 47
66 42
60 44
62 48
62 45
58 48
60 45
66 42
62 46
60 45
58 48
58 48
66 46
62 47
62 47
58 49
62 46
60 47
66 43
58 45
54 45
62 44
58 46
54 48
58 47
54 49
58 48
58 45
54 48
58 45
66 46
58 45
66 46
58 48
58 49
58 49
58 43
58 48
58 48
58 48
62 45
62 45
58 48
54 47
66 43
58 47
66 46
62 45
62 47
58 47
62 46
58 48
58 47
70 45
66 40
58 45
62 45
54 50
62 46
58 43
58 46
64 48
62 45
66 44
62 48
62 48
62 45
66 45
58 48
62 45
62 45
58 48
62 48
62 47
58 48
62 44
60 46
62 46
54 45
62 47
62 43
54 47
74 52
58 45
58 49
54 44
58 47
68 45
62 46
62 47
66 45
60 46
58 46
54 49
58 46
58 46
54 44
64 47
62 45
54 48
58 45
58 50
58 48
58 50
58 50
58 46
54 47
54 45
62 45
66 47
66 45
58 45
62 45
58 49
58 47
58 46
58 45
58 49
62 46
58 45
58 49
54 48
58 46
58 45
54 48
64 47
58 47
58 48
64 47
66 43
58 50
58 47
64 46
54 48
58 48
58 45
68 45
66 43
54 45
54 49
66 43
68 46
64 44
58 45
66 42
58 47
54 45
62 43
54 49
54 44
58 46
62 48
58 46
54 49
62 48
58 47
66 47
62 44
58 45
58 47
58 46
68 47
66 43
67 48
58 48
58 45
58 46
62 46
66 46
62 40
58 45
54 47
66 44
54 44
58 49
58 48
66 42
62 47
58 46
64 44
62 45
58 49
54 45
62 45
58 47
58 48
58 46
74 50
62 47
60 48
66 45
62 47
58 46
54 48
66 45
68 42
62 43
62 47
66 45
62 49
54 47
62 47
62 44
62 48
68 42
54 48
62 46
57 51
54 44
66 43
62 45
58 46
62 46
68 44
58 49
66 46
58 46
66 45
68 44
66 46
66 46
62 48
58 48
58 48
58 49
58 47
58 46
68 43
62 47
64 44
66 42
62 47
58 46
58 46
64 47
70 44
66 45
54 47
68 42
58 46
64 47
54 45
58 43
66 43
62 48
58 45
62 41
58 48
58 47
58 45
68 39
62 45
54 49
54 44
64 46
62 46
62 45
54 44
66 42
62 47
62 45
62 43
62 40
62 48
62 45
58 47
62 48
62 43
62 44
54 49
58 48
58 48
62 47
62 44
58 50
62 40
62 46
58 48
62 46
62 48
66 46
62 47
58 48
54 48
62 45
54 47
54 50
58 50
62 47
62 46
66 48
62 46
68 42
58 46
58 48
58 45
58 48
54 49
58 45
60 48
58 49
54 49
58 46
58 49
62 47
62 48
66 45
58 48
62 47
58 49
54 49
66 41
62 48
62 49
58 46
54 47
66 46
68 45
66 44
58 49
58 48
58 46
62 47
58 49
58 46
68 47
54 48
62 46
62 47
54 50
64 46
62 44
54 50
54 48
66 46
54 49
62 46
58 47
54 50
62 48
62 49
60 45
60 48
58 46
62 45
62 45
66 45
62 48
58 46
54 48
54 45
62 40
62 40
62 47
54 47
54 49
54 48
54 49
66 46
54 47
54 47
62 44
58 47
58 48
62 47
66 43
58 48
58 48
66 47
60 44
62 46
62 47
58 46
62 44
58 47
58 49
66 42
62 45
62 40
62 44
62 44
62 47
58 50
66 39
58 49
54 45
58 49
62 47
60 44
61 50
62 44
62 45
58 47
68 44
62 45
58 46
62 48
58 50
62 47
54 45
58 49
62 45
58 49
58 45
58 47
66 44
58 42
54 47
64 47
54 49
62 44
58 46
58 48
58 50
58 49
66 45
54 48
58 46
66 44
58 50
66 46
63 49
58 46
58 45
58 49
58 49
54 47
62 47
54 48
58 45
62 47
62 48
62 48
58 48
62 47
58 45
58 45
66 44
58 48
62 47
58 46
62 43
54 45
62 47
54 48
62 45
66 45
62 46
62 49
54 44
58 45
58 46
64 48
54 47
62 48
58 46
66 44
66 46
64 44
61 49
54 49
54 48
62 45
62 46
62 48
58 49
66 47
62 47
66 42
62 48
58 46
54 48
66 43
58 46
64 47
62 45
62 44
66 45
64 44
66 43
58 45
66 47
62 45
62 48
58 49
62 47
58 45
66 46
58 47
58 48
54 48
54 48
66 44
66 43
66 47
54 50
66 43
60 52
66 47
54 47
62 45
58 45
62 47
66 45
58 46
60 47
58 48
58 49
58 46
58 50
58 46
68 43
64 45
58 49
60 47
64 45
68 44
58 48
58 49
62 48
60 47
64 46
66 45
62 48
62 46
66 45
58 46
62 46
54 47
58 47
62 44
62 47
62 45
54 47
58 45
62 46
66 43
66 45
54 47
62 43
58 49
68 45
66 45
66 40
68 39
54 47
62 45
58 49
62 49
58 45
62 45
62 45
54 45
58 45
54 49
66 43
64 46
58 48
68 53
66 44
68 45
62 47
58 47
54 47
58 47
62 47
68 43
58 48
62 48
62 44
62 47
66 46
66 44
54 45
54 48
54 47
54 49
62 45
64 53
58 45
58 47
58 45
58 42
54 47
62 45
66 45
58 46
58 43
62 47
68 45
62 45
66 45
76 47
58 48
58 46
58 46
64 44
64 43
64 44
62 48
62 49
60 47
58 46
54 47
64 46
54 47
58 50
62 47
58 48
58 49
62 44
62 45
54 45
62 47
66 40
58 48
62 49
66 45
66 43
66 45
58 48
66 46
68 45
62 47
60 48
58 45
58 49
60 47
62 47
58 47
62 48
60 49
60 47
62 48
64 47
75 48
54 49
58 45
58 49
58 48
66 46
58 49
58 48
62 44
62 45
58 49
58 48
62 47
58 48
66 44
66 42
62 45
62 46
62 45
62 45
66 45
62 44
54 45
62 44
58 47
68 44
68 42
58 46
58 49
62 45
54 47
68 44
64 46
62 45
54 47
58 48
62 45
62 46
66 47
54 45
58 48
62 46
54 47
60 48
66 45
66 43
54 50
58 50
58 46
54 49
54 49
58 48
62 47
58 49
54 48
66 40
62 44
58 49
54 48
66 45
58 46
54 48
54 47
58 48
62 48
58 50
66 44
58 46
58 42
58 47
58 49
62 46
66 43
58 48
60 47
58 47
58 46
62 46
66 46
62 48
54 47
58 48
58 47
62 46
58 45
66 45
58 45
66 41
58 47
62 46
54 47
62 48
66 43
68 42
58 49
58 48
62 43
62 47
68 41
66 44
66 44
66 45
66 46
58 46
58 45
68 44
62 44
54 47
62 48
64 44
58 47
64 44
58 49
62 44
62 46
58 43
62 47
62 48
60 47
62 45
58 47
62 45
58 48
58 46
66 43
54 44
62 47
62 43
54 49
54 47
54 44
64 43
62 47
62 44
62 46
58 42
58 49
58 46
58 42
62 45
58 45
64 47
54 47
58 48
54 49
62 43
54 50
66 43
68 44
64 46
66 45
66 46
60 46
60 48
62 45
62 48
58 47
66 42
64 42
62 48
58 49
66 45
68 43
62 46
62 48
62 48
66 42
64 45
66 48
62 45
66 45
62 44
62 48
58 43
62 49
58 46
62 46
54 50
64 46
58 47
70 42
54 49
58 45
62 44
58 46
66 45
68 42
62 46
58 45
64 47
68 43
62 47
58 46
70 41
58 48
62 45
54 49
66 42
62 47
62 47
68 41
54 48
54 47
58 49
58 46
54 49
62 45
66 43
62 44
62 46
58 49
66 45
58 45
62 44
58 47
58 43
62 45
62 47
68 43
66 44
58 48
64 43
58 50
66 45
54 47
70 53
62 44
58 47
58 48
62 41
70 41
68 43
58 46
62 47
62 47
62 49
62 43
58 45
62 47
70 43
58 49
58 45
62 43
66 45
64 46
66 45
66 43
58 47
58 43
58 48
62 45
66 44
66 43
62 47
62 47
62 43
58 49
62 46
68 47
58 47
68 43
60 47
62 48
62 46
54 44
54 48
54 45
62 46
62 48
54 45
54 49
62 47
62 46
54 45
66 46
58 48
60 47
54 49
54 47
58 42
62 44
66 45
62 45
66 45
66 43
62 44
66 42
62 47
62 46
62 47
62 47
54 49
64 47
62 46
62 47
54 47
62 48
62 46
62 48
64 46
54 48
62 47
58 48
68 45
58 49
58 46
54 47
66 46
62 49
58 47
66 47
62 46
58 50
66 43
62 47
62 44
58 48
58 49
68 46
66 43
62 44
62 48
60 47
66 43
54 49
62 49
54 45
62 44
66 42
58 49
66 47
62 48
62 43
62 46
58 48
58 45
58 45
68 39
62 48
62 48
58 48
54 48
66 45
58 47
58 48
58 45
58 49
58 48
58 45
66 43
62 47
74 50
66 43
68 43
58 50
64 42
54 44
62 48
58 46
58 43
58 49
66 42
54 47
58 48
66 44
54 48
66 46
58 46
62 45
68 45
58 49
58 48
62 47
58 46
58 46
62 44
62 47
58 47
62 47
58 49
64 45
58 45
62 48
54 50
58 43
54 45
62 48
58 46
62 46
58 49
54 47
62 41
62 47
62 44
62 44
54 49
62 47
58 48
62 48
54 47
58 46
62 47
66 41
66 45
58 48
58 47
58 48
54 47
66 42
58 49
62 46
58 49
62 46
58 48
58 47
54 48
62 48
66 45
58 46
62 45
54 47
54 47
58 46
62 46
62 44
66 46
58 49
62 48
70 43
62 45
58 45
62 48
62 47
62 49
54 49
62 47
54 47
62 47
64 47
62 48
58 50
62 44
66 43
62 43
54 50
54 47
58 46
58 46
62 44
58 48
62 44
54 49
58 49
62 45
54 49
66 46
58 45
66 43
58 49
58 49
54 49
58 48
58 45
62 44
54 47
66 45
62 45
54 47
64 50
66 42
62 48
58 49
62 47
64 45
54 49
58 46
58 48
66 46
58 47
54 44
58 48
66 45
66 47
64 46
64 47
64 46
54 48
62 45
66 43
62 47
62 44
58 49
62 47
68 44
58 48
58 42
64 47
54 49
64 45
54 48
54 47
58 48
54 47
66 43
62 46
54 49
58 45
64 46
54 48
54 49
54 49
58 47
54 48
58 46
54 48
54 48
58 46
68 46
54 47
54 49
54 44
58 45
70 49
54 49
54 45
62 45
58 48
66 46
58 47
64 47
54 45
62 47
54 47
62 46
66 40
70 43
62 44
58 45
58 48
68 39
58 48
58 47
54 45
58 48
64 47
62 47
54 45
73 47
62 47
62 44
62 46
62 48
68 50
74 51
72 50
62 49
62 49
58 48
58 45
54 47
62 45
58 49
58 47
78 47
54 44
54 49
54 45
58 49
54 48
58 46
62 43
62 40
62 45
58 46
62 47
62 47
58 45
62 46
58 47
62 45
66 44
58 49
66 45
58 47
54 47
62 47
58 47
58 47
68 45
68 42
62 45
58 46
62 46
62 43
62 49
68 42
54 47
54 47
54 48
62 46
62 47
58 45
62 45
62 44
62 46
62 44
62 49
66 44
66 44
66 45
66 45
58 50
58 42
62 48
58 46
68 39
54 44
54 48
66 45
58 45
58 50
58 45
62 48
58 47
54 45
58 47
66 47
58 46
62 48
58 46
68 44
62 48
62 47
66 45
62 44
54 45
58 46
58 46
62 43
62 48
62 47
54 49
62 47
58 46
62 47
66 45
58 46
58 46
58 45
62 43
54 48
62 46
62 44
62 44
66 46
62 47
54 48
66 44
66 44
66 45
58 42
64 46
58 46
58 46
62 43
64 47
66 46
62 47
62 43
58 45
62 47
66 46
58 50
54 48
58 49
58 45
58 45
58 45
58 45
66 48
58 47
62 47
58 45
62 44
62 46
66 45
66 44
58 48
58 47
62 45
54 44
62 47
58 48
54 47
58 45
54 47
58 48
54 45
58 48
58 46
58 45
54 48
62 47
62 47
62 44
66 52
66 45
54 47
62 46
58 46
62 47
62 47
61 48
62 41
66 46
62 48
62 47
58 48
69 47
62 47
58 43
58 48
62 44
58 48
58 47
64 43
60 44
62 47
58 45
66 44
58 47
64 48
58 50
58 49
62 47
58 47
54 44
58 45
62 47
62 44
62 43
62 46
66 42
66 44
64 44
58 46
58 49
60 47
58 47
54 45
62 47
62 47
58 46
54 47
66 45
58 45
54 44
62 48
66 40
58 47
66 44
58 48
66 38
58 46
68 47
58 49
54 48
62 47
58 49
58 47
54 47
58 46
64 46
58 48
62 47
58 48
62 44
58 46
58 45
54 50
58 46
62 44
58 42
66 43
62 47
60 46
62 43
62 47
54 45
66 46
62 44
68 45
68 41
54 47
66 46
58 48
66 43
58 48
66 40
62 46
62 40
58 50
58 47
54 47
58 46
62 44
54 49
62 43
58 45
66 45
54 45
68 45
62 47
54 48
66 45
58 49
62 48
64 47
62 44
54 49
62 46
66 49
66 44
58 45
58 45
62 47
62 47
66 42
58 49
66 43
62 46
60 45
58 42
58 42
54 49
58 48
58 45
60 48
62 43
62 43
58 49
58 45
66 44
62 47
58 47
70 42
58 49
58 45
68 41
66 45
54 48
54 50
54 44
68 39
58 49
58 50
58 45
62 47
58 43
66 43
68 44
62 47
64 46
58 46
66 45
60 47
62 48
62 49
54 49
62 45
62 47
58 48
62 51
62 44
66 41
54 45
58 46
58 46
62 47
62 48
54 45
54 44
58 46
58 42
70 46
62 46
58 48
54 47
62 47
58 43
54 47
62 48
62 48
58 45
63 46
58 49
64 44
54 45
58 46
62 48
54 49
58 42
54 47
62 47
58 45
66 46
64 45
58 46
62 44
66 44
64 43
62 40
54 48
62 48
62 47
58 45
68 44
62 47
66 42
58 48
66 44
62 46
62 48
58 48
58 48
58 45
62 46
62 45
58 49
62 46
60 44
58 46
66 43
62 47
66 43
66 44
54 47
64 46
58 45
62 47
54 45
58 46
58 46
58 43
64 44
58 45
64 47
54 47
58 49
58 47
58 48
62 43
66 45
62 47
58 45
58 47
58 46
62 44
66 43
66 47
58 46
58 49
62 40
62 47
66 46
54 48
66 46
68 45
64 46
58 48
58 48
62 49
58 46
66 43
58 48
58 48
62 47
69 46
66 43
66 43
58 45
58 42
58 49
58 49
58 49
62 45
62 46
62 43
64 45
58 45
66 45
58 43
54 47
54 48
58 47
68 41
74 53
62 47
62 47
58 43
62 49
58 50
58 50
62 46
58 49
58 49
62 48
58 49
58 50
58 45
58 48
66 45
58 42
58 47
54 48
54 47
54 48
58 47
54 49
62 43
58 46
64 46
58 46
54 49
58 47
68 41
62 47
58 47
58 45
58 45
58 49
62 48
58 48
62 48
62 46
62 46
58 42
58 46
62 47
58 46
54 44
58 49
58 48
58 47
58 47
62 46
66 45
60 46
62 43
62 47
62 49
58 48
64 48
62 43
58 47
54 47
62 46
64 43
58 46
58 46
62 44
58 47
58 43
66 43
58 47
63 48
66 45
54 48
64 46
72 50
58 43
58 47
66 43
54 47
58 50
62 47
58 43
58 48
66 43
58 46
64 46
58 48
66 44
66 44
54 48
62 45
54 48
58 42
62 43
58 49
64 46
54 47
62 43
68 42
66 42
54 47
58 46
62 44
54 49
58 48
58 48
66 43
58 47
58 48
66 44
54 49
54 45
58 47
62 48
62 46
58 46
60 45
54 44
58 48
58 48
62 46
60 49
62 48
58 48
58 49
66 43
58 48
54 50
58 42
58 48
66 48
58 45
66 42
58 49
66 44
58 48
64 45
58 45
62 48
62 46
66 44
62 45
54 47
68 43
62 48
62 44
62 48
58 48
64 48
58 47
54 47
58 49
65 49
54 48
60 45
62 44
62 46
58 45
58 47
62 44
58 48
66 40
58 49
60 46
58 48
58 48
54 47
54 47
62 40
54 44
62 53
58 48
58 48
58 48
54 48
62 46
62 47
58 50
64 46
66 42
62 44
58 45
54 49
64 49
58 50
58 45
58 48
62 49
58 47
66 42
58 42
62 48
62 47
62 44
62 46
58 45
66 45
62 45
62 46
62 46
58 45
58 49
62 48
58 45
58 49
66 43
58 46
58 45
58 50
58 49
60 46
58 47
66 43
62 48
66 44
66 45
62 49
58 45
66 40
58 46
58 42
58 46
54 49
66 45
62 48
62 47
66 43
62 47
62 45
64 45
54 45
58 46
58 43
54 45
58 46
62 47
54 48
54 48
54 49
54 45
58 45
54 47
58 49
54 49
58 49
66 42
58 49
54 47
62 48
66 39
62 47
54 49
62 47
58 47
62 43
58 47
58 47
58 48
60 46
58 45
58 42
66 45
58 46
58 43
62 43
62 45
62 46
66 42
60 47
58 46
66 41
61 51
54 48
58 49
58 50
58 49
62 44
58 48
66 42
54 45
58 49
64 47
62 45
58 48
60 45
64 47
58 49
66 43
54 49
62 46
66 43
58 45
62 43
58 47
62 45
62 44
68 42
64 42
66 45
62 47
64 47
62 47
62 45
58 45
62 45
68 45
60 46
62 46
62 47
54 48
68 45
58 49
58 48
54 45
62 48
54 47
54 49
58 47
66 45
62 48
58 48
54 45
62 48
62 43
66 45
66 46
58 48
54 49
58 45
58 47
66 47
58 46
62 45
74 52
58 45
54 48
68 41
58 46
66 46
58 48
60 48
66 42
66 43
54 45
74 52
68 47
58 47
58 46
54 47
62 47
58 47
68 42
54 50
58 46
58 46
54 48
58 45
58 49
62 47
62 46
58 49
58 42
62 43
58 46
68 44
62 49
77 50
54 49
64 42
58 49
58 50
58 48
62 48
58 47
58 45
58 46
58 48
58 49
54 48
58 47
62 48
54 47
66 42
62 47
60 47
62 46
62 47
62 43
58 48
58 49
62 48
62 44
58 48
70 44
62 48
66 46
58 48
66 41
62 46
54 47
66 46
62 45
58 47
66 42
62 46
66 51
62 46
66 47
62 47
62 45
58 49
58 42
62 44
62 43
62 48
58 45
62 47
58 48
66 44
58 47
58 43
62 40
58 48
58 46
66 46
62 48
54 47
61 50
58 48
62 48
69 45
62 41
66 43
58 50
62 44
58 49
66 45
62 44
62 46
62 44
62 48
54 47
58 49
62 43
74 51
66 43
58 48
54 48
58 49
62 47
58 47
60 47
62 45
60 48
62 47
58 48
66 43
66 42
62 48
62 47
58 45
58 46
62 44
54 47
58 48
62 47
58 48
58 46
54 47
62 46
58 48
66 43
62 44
62 46
62 46
54 50
64 47
62 45
57 52
54 47
58 46
58 42
66 45
54 49
66 46
68 45
62 48
66 44
66 46
62 47
66 43
60 44
58 45
66 46
58 47
58 49
62 45
58 46
66 45
62 47
62 45
62 48
62 48
54 49
66 44
58 45
66 46
66 46
66 47
54 47
58 49
62 48
58 45
68 39
58 49
58 47
58 48
58 43
58 46
54 48
68 48
54 49
54 49
66 47
62 48
64 47
66 40
64 45
58 45
54 47
66 43
62 47
62 47
60 46
58 49
62 45
58 45
58 47
64 48
62 44
62 45
62 45
62 48
62 43
62 48
58 46
64 46
64 44
64 46
62 44
62 45
62 44
54 50
62 47
66 45
54 50
62 48
62 43
58 47
54 48
64 44
54 49
54 50
66 46
66 40
58 46
58 49
70 44
66 43
66 44
62 45
70 50
62 44
62 48
58 47
62 44
62 48
54 47
64 43
58 49
64 46
66 48
60 48
68 44
54 50
62 48
54 47
66 43
66 44
54 50
60 44
62 40
61 47
54 47
62 46
58 47
66 45
62 47
62 45
54 45
62 47
62 44
58 50
66 43
62 46
60 48
54 48
62 44
62 47
58 47
66 45
60 48
54 49
62 46
68 43
66 44
62 43
62 47
58 47
66 40
62 47
58 50
66 42
58 50
66 40
62 47
66 42
58 47
58 46
66 46
58 49
62 45
71 48
62 48
62 47
54 48
66 43
66 40
62 47
58 45
66 46
58 48
62 46
62 45
62 48
66 45
62 49
54 50
58 48
66 42
54 47
54 48
54 47
62 41
62 44
66 43
54 47
58 49
62 46
58 46
66 48
54 50
62 45
64 48
66 43
62 48
62 44
62 47
62 46
66 43
67 50
68 46
62 44
62 48
62 46
58 47
62 47
66 46
66 43
62 48
54 47
70 41
58 45
58 46
54 49
68 41
54 45
62 44
62 46
62 46
54 48
62 47
62 47
62 45
58 47
62 45
58 48
58 45
62 46
66 42
58 49
54 49
62 47
64 47
60 49
62 44
62 47
64 44
58 45
54 45
62 47
54 50
62 47
62 47
62 46
58 46
54 48
62 45
58 43
66 47
66 47
58 46
66 45
58 45
66 43
58 45
66 43
66 43
58 48
60 47
54 47
66 45
62 43
54 44
58 48
62 45
66 45
64 45
54 48
66 46
64 45
58 46
62 47
64 47
66 46
58 45
66 45
60 45
61 47
64 47
58 48
58 43
62 46
58 45
62 46
58 50
62 47
58 49
54 48
62 47
58 45
64 44
58 47
62 46
58 50
62 45
62 43
60 46
58 45
68 44
66 45
66 46
58 48
58 45
58 47
62 47
66 46
62 45
54 48
66 45
54 49
54 45
66 45
66 46
62 45
60 47
66 43
70 43
62 46
62 47
58 46
66 42
64 46
62 46
58 49
62 48
62 46
62 47
54 47
60 48
58 48
64 44
66 44
68 46
62 49
62 48
58 47
62 47
58 45
58 49
54 49
58 49
62 46
58 47
66 46
62 41
62 47
60 44
62 47
64 46
58 47
66 43
54 45
66 46
58 43
66 45
62 45
60 45
64 48
62 45
62 41
62 45
66 47
54 49
68 42
58 48
62 47
54 48
58 47
54 47
66 46
62 46
64 46
62 43
54 49
54 48
62 48
66 45
58 45
54 45
58 46
62 45
66 44
58 51
62 45
62 47
54 47
66 42
54 47
58 46
58 49
54 48
66 44
54 45
64 43
62 44
62 47
62 46
54 50
64 45
58 45
58 45
58 45
58 45
58 45
68 44
58 47
58 45
58 49
66 46
54 44
54 47
58 45
66 43
62 45
58 49
58 49
58 45
64 47
58 46
54 45
68 44
62 48
58 42
58 45
58 50
58 45
62 47
58 49
54 47
58 46
62 48
62 46
54 48
62 44
62 46
58 46
62 45
66 44
54 48
62 45
62 48
58 49
62 47
68 42
66 44
62 45
64 47
58 48
64 44
62 47
58 45
62 45
62 45
64 46
66 43
54 45
58 46
58 45
62 47
68 42
64 44
54 47
58 46
60 45
66 43
54 47
58 49
62 47
62 48
62 48
66 43
62 46
66 45
58 48
58 48
62 44
54 44
54 44
58 48
62 45
62 48
68 46
62 48
62 45
60 44
64 46
54 45
54 44
62 45
58 46
62 48
62 48
62 48
62 49
60 45
58 48
57 49
68 43
62 47
54 50
58 48
54 47
62 45
58 46
62 47
65 49
66 47
62 49
54 49
62 45
70 50
58 48
66 44
54 47
64 45
58 48
54 48
62 44
54 48
62 46
62 48
58 45
60 47
58 50
58 46
66 45
62 46
62 47
66 46
62 48
58 49
62 49
54 50
58 45
62 47
58 48
62 47
58 45
54 49
68 43
62 45
66 45
58 43
62 47
54 49
66 43
66 43
58 48
58 45
64 45
62 43
54 44
58 45
62 45
58 45
54 45
62 47
62 45
54 47
62 41
62 41
66 46
58 48
62 47
58 49
62 47
68 43
62 44
66 45
62 45
66 43
66 46
54 47
68 45
64 44
64 45
62 45
62 44
58 50
58 48
62 49
62 48
62 48
66 45
62 47
74 47
54 48
62 47
66 42
54 48
64 46
58 45
58 47
54 45
58 48
70 54
66 40
58 49
58 49
62 47
62 45
62 46
66 45
66 43
58 48
62 46
58 42
68 44
58 45
58 43
66 42
60 47
54 47
66 44
54 47
62 47
64 47
54 50
58 45
62 45
62 47
64 48
54 49
66 46
62 46
64 45
58 45
58 49
54 49
58 48
62 48
54 50
62 44
58 46
58 48
66 40
62 45
62 43
58 46
66 42
58 49
62 46
66 43
62 47
54 48
66 43
54 50
62 48
66 42
62 47
58 49
58 46
58 49
54 45
62 47
62 47
66 43
62 49
62 49
58 48
58 45
62 44
64 43
64 42
66 41
62 47
58 49
58 49
62 43
58 46
70 41
54 45
62 47
62 47
58 45
62 43
62 48
68 45
62 47
58 49
62 40
58 49
66 45
64 47
54 49
66 45
66 44
62 48
58 46
66 46
64 47
58 48
58 45
62 48
62 49
62 47
54 47
62 41
58 50
58 48
54 47
54 49
62 48
66 43
58 46
62 45
62 48
62 43
58 48
54 47
64 45
66 40
58 48
62 48
62 47
64 46
62 48
62 46
62 45
62 43
60 44
66 41
62 47
66 40
62 48
62 46
54 47
62 46
66 44
58 48
62 45
62 45
62 44
66 46
61 47
58 45
62 46
58 46
58 46
66 45
58 45
58 47
58 50
62 45
66 44
54 47
66 45
54 48
54 47
62 48
64 46
66 45
62 45
62 47
54 49
62 45
58 47
62 46
58 46
58 45
68 41
62 44
62 43
68 44
66 45
66 43
58 46
58 45
68 46
68 44
62 48
64 48
64 43
58 50
58 49
58 50
54 47
66 53
62 48
66 45
54 47
58 43
54 48
66 45
58 47
58 47
54 48
62 46
62 47
54 44
68 43
54 45
54 48
68 41
54 48
62 46
66 46
66 45
54 47
58 49
58 45
62 44
54 49
62 49
62 47
66 45
58 45
58 47
58 45
58 49
62 47
62 45
62 47
66 46
54 47
54 47
64 47
62 43
60 47
68 41
70 43
58 49
62 49
62 48
54 48
54 45
62 46
64 46
58 43
62 48
62 44
58 47
64 44
66 42
60 45
58 49
62 47
58 46
58 49
62 47
58 45
58 46
62 45
58 42
58 47
58 47
66 40
66 44
58 47
66 46
58 48
62 46
66 44
54 49
60 48
66 44
54 47
54 45
64 46
58 48
62 47
58 47
62 45
54 48
66 47
58 47
54 49
58 45
62 45
62 44
68 42
62 48
62 48
64 47
58 49
62 46
62 47
54 48
66 42
62 46
58 46
58 49
58 48
62 48
58 48
58 45
62 46
54 50
58 50
66 43
66 40
62 47
62 47
64 47
66 44
58 42
64 43
62 48
58 47
62 48
58 48
62 44
62 43
66 43
62 43
66 45
62 44
66 46
58 42
66 45
58 47
62 47
54 45
54 48
62 45
62 47
58 50
58 46
62 48
58 45
54 48
62 46
58 46
68 43
66 45
60 47
54 45
58 50
54 48
62 45
62 48
62 45
54 47
66 46
64 45
54 47
58 42
62 45
58 49
62 47
62 47
58 45
62 47
54 47
54 44
58 49
58 48
58 47
66 43
62 44
64 47
66 42
62 44
66 47
54 47
58 48
62 47
62 47
58 45
64 45
54 47
62 44
66 44
60 49
66 42
54 45
62 49
54 49
58 49
66 50
64 43
66 45
54 44
62 48
64 47
58 47
54 49
60 49
62 46
62 48
58 49
66 45
62 49
54 49
66 46
58 49
62 44
54 47
64 50
62 45
66 40
58 50
58 42
58 48
60 45
66 46
58 46
66 50
62 43
66 43
62 43
58 49
54 49
54 47
62 48
62 45
62 44
62 43
58 42
58 45
62 47
62 47
58 43
58 45
66 43
54 48
54 49
58 48
66 42
64 43
62 48
58 49
58 49
60 48
58 48
66 42
62 45
54 45
66 45
66 47
58 50
62 48
68 45
58 45
64 46
68 44
58 47
66 42
62 47
54 47
66 44
58 50
68 46
62 43
64 47
66 45
54 49
54 48
62 45
66 45
62 47
62 40
62 47
62 43
66 45
68 41
66 47
58 47
62 44
62 47
58 49
58 45
62 44
58 48
66 44
62 45
66 45
62 45
66 45
54 49
60 48
54 49
64 44
58 42
54 49
62 47
66 45
58 46
66 46
68 51
58 46
62 47
68 44
62 46
58 48
58 43
68 42
62 48
62 47
62 41
62 48
62 45
65 50
62 47
58 49
58 46
62 45
62 45
54 48
58 50
58 45
62 47
66 42
54 45
58 47
54 50
62 45
76 49
66 46
62 46
60 47
64 46
62 45
62 43
54 48
62 47
54 47
58 46
58 46
62 47
66 45
66 46
62 46
62 47
54 45
62 47
66 48
58 50
58 46
58 45
54 49
62 44
58 46
58 43
54 47
54 49
62 46
62 44
