114 78
109 72
107 75
123 79
112 73
125 77
115 73
100 70
120 79
116 76
103 71
100 70
120 73
100 70
114 78
118 76
103 71
125 76
109 73
103 71
123 82
122 75
124 82
103 71
114 77
100 70
130 80
111 70
110 71
111 70
111 75
103 71
120 75
108 73
123 78
100 70
108 70
111 75
114 77
111 71
120 79
108 71
106 73
111 72
119 75
126 78
116 77
103 71
120 75
114 77
125 79
113 77
100 70
110 73
107 76
123 79
120 81
103 76
103 71
103 71
116 73
103 71
123 77
103 71
109 74
111 70
116 75
114 72
109 71
108 71
103 76
109 74
122 76
100 70
120 77
116 76
113 74
112 75
109 72
100 70
103 71
116 76
109 73
113 74
113 73
107 76
116 73
114 77
110 74
103 71
114 73
121 76
114 77
103 74
123 78
119 77
111 74
114 76
109 73
107 75
103 74
130 81
103 71
118 78
100 70
103 71
121 79
103 71
120 77
115 73
126 79
103 71
111 70
110 73
116 74
111 72
116 73
106 73
111 73
114 72
100 70
119 77
123 79
113 74
100 70
110 71
115 73
118 75
119 74
117 76
100 70
117 73
124 76
103 71
115 75
108 70
114 77
117 74
120 80
118 80
103 74
116 75
103 75
114 77
115 76
121 78
100 70
117 76
113 77
114 77
114 72
114 76
100 70
111 78
111 78
114 74
117 74
109 73
100 70
120 79
112 78
113 73
129 78
116 76
128 78
107 76
109 71
117 74
118 76
106 73
113 73
103 71
113 74
109 72
123 78
110 73
100 70
125 79
112 73
125 77
100 70
100 70
123 76
100 70
122 76
103 71
117 74
119 76
103 74
113 74
103 71
115 74
120 79
103 71
100 70
114 73
107 76
114 77
111 70
107 75
111 72
113 73
122 76
129 81
116 76
124 82
100 70
112 77
112 74
111 74
118 80
100 70
100 70
103 74
109 77
112 77
111 70
109 73
111 78
120 79
111 75
123 78
116 73
116 77
100 70
116 79
114 77
113 75
121 77
120 79
120 79
110 73
116 71
125 77
107 76
127 79
117 74
120 81
114 77
107 76
113 73
107 76
109 75
111 79
106 73
100 70
119 77
119 79
107 75
123 76
103 75
111 70
111 70
115 73
109 74
115 76
110 71
124 82
100 70
107 75
111 72
113 74
122 74
113 74
103 74
126 75
123 76
100 70
115 73
115 73
130 77
103 71
100 70
103 74
117 74
121 75
113 75
113 79
116 76
114 77
100 70
103 71
107 76
100 70
116 75
126 75
103 71
113 74
103 75
114 73
114 77
119 76
113 75
113 74
114 77
114 77
115 74
117 73
115 73
117 74
116 79
103 71
115 75
103 71
126 77
111 78
114 72
111 78
108 71
103 71
106 75
113 73
112 72
115 74
120 79
117 74
109 79
116 77
114 72
111 70
122 75
111 70
103 71
103 71
132 80
107 76
100 70
103 71
108 70
100 70
118 81
116 77
117 73
113 73
117 72
121 77
113 75
100 70
123 79
116 76
100 70
113 75
107 76
124 74
114 75
116 78
100 70
125 74
100 70
103 71
126 76
116 76
107 75
109 72
100 70
106 75
111 78
100 70
114 77
109 73
123 79
103 75
111 70
119 77
111 70
103 71
100 70
124 77
109 74
111 70
100 70
107 76
117 72
111 79
119 73
128 82
110 72
116 75
110 73
120 76
103 74
125 78
111 79
106 75
114 77
113 73
100 70
111 75
113 74
109 74
117 74
116 77
100 70
110 71
107 75
100 70
120 73
107 75
111 80
115 73
109 71
111 79
100 70
107 76
100 70
108 70
110 71
115 73
111 72
126 76
108 70
109 73
103 74
109 72
116 76
103 71
100 70
103 71
100 70
122 76
113 73
103 71
112 72
127 79
110 73
130 78
109 79
107 75
120 78
103 76
119 74
107 75
104 74
112 77
114 77
100 70
100 70
111 78
111 78
109 71
113 73
103 71
100 70
114 76
111 70
132 81
103 71
117 75
100 70
116 76
120 78
109 72
109 76
103 75
100 70
109 72
116 77
111 75
121 76
119 77
123 76
117 73
103 76
107 76
103 71
110 73
120 77
113 77
100 70
124 75
100 70
111 78
120 80
126 78
124 81
122 77
125 77
120 79
112 72
115 74
113 73
123 77
114 75
106 73
114 72
116 73
113 75
107 75
129 79
103 71
107 76
115 75
119 76
114 76
103 71
113 73
111 70
111 79
125 75
119 74
103 74
119 76
114 73
111 75
119 74
103 71
123 81
109 78
114 77
111 72
117 75
100 70
103 71
112 73
128 77
107 75
125 76
114 77
112 76
115 74
103 71
114 78
124 76
100 70
113 74
100 70
116 76
111 74
103 71
112 76
107 75
104 72
120 81
111 78
114 78
123 78
116 79
100 70
100 70
109 73
103 71
116 76
115 74
103 71
109 73
113 74
107 76
111 70
100 70
100 70
111 73
109 73
114 75
121 78
103 74
119 76
111 78
109 74
119 75
103 74
116 74
113 73
113 77
114 77
114 77
119 76
104 72
100 70
122 78
116 73
107 76
111 70
113 73
117 73
119 75
112 73
111 75
118 74
104 72
121 76
114 74
100 70
107 76
111 70
125 76
103 74
124 78
123 77
103 75
114 78
111 70
108 70
103 71
103 71
108 71
119 78
117 72
100 70
100 70
103 71
121 77
107 75
119 75
117 76
111 78
117 74
103 71
114 77
115 75
116 73
123 75
100 70
103 71
123 79
117 74
103 74
114 77
103 71
126 77
123 77
113 73
116 75
111 79
116 73
111 71
103 71
103 71
130 79
109 74
117 74
124 81
114 73
109 71
114 78
116 76
113 79
119 79
124 75
115 74
100 70
113 79
109 73
111 78
124 75
114 77
103 71
100 70
128 76
107 76
100 70
109 72
123 79
108 72
123 78
113 73
104 72
109 74
103 71
100 70
116 73
123 74
111 70
113 75
119 73
113 73
123 78
127 78
121 75
103 75
127 79
116 76
100 70
121 77
109 73
110 71
100 70
100 70
107 75
117 72
114 77
103 71
103 71
113 73
100 70
113 73
114 73
131 77
103 71
103 74
116 73
100 70
100 70
103 71
111 70
111 70
109 74
123 79
100 70
120 76
100 70
116 71
110 73
115 76
108 70
100 70
114 77
100 70
111 72
103 71
113 73
114 77
108 70
121 74
109 74
119 75
106 75
116 75
107 76
117 73
112 72
115 73
103 71
103 71
100 70
117 74
121 76
114 77
116 76
108 71
109 72
103 75
117 73
114 72
114 76
121 78
117 72
109 78
116 78
126 75
103 71
122 75
122 77
131 77
103 71
116 74
117 74
100 70
121 76
108 70
107 76
103 71
123 78
115 73
108 70
117 72
120 78
110 73
126 74
114 77
108 70
103 74
103 75
104 72
116 76
111 71
103 71
117 76
113 75
113 74
111 79
122 76
109 73
110 73
103 75
113 74
100 70
113 74
117 72
103 76
107 76
114 80
103 71
116 71
100 70
113 77
114 77
115 73
110 72
116 76
113 73
121 77
103 71
108 70
125 75
123 77
100 70
119 77
103 75
107 76
114 72
114 77
109 74
123 78
113 74
103 71
113 73
112 76
100 70
115 73
110 73
116 78
114 74
109 73
111 73
115 74
124 82
121 75
118 79
107 76
103 75
103 71
109 74
114 77
109 73
124 77
126 80
116 75
121 75
111 79
100 70
122 76
116 73
108 70
114 73
103 75
122 75
123 76
121 77
130 79
108 70
113 73
100 70
121 75
104 72
120 78
111 79
113 73
123 79
100 70
110 73
107 76
114 73
121 76
121 77
113 77
100 70
120 73
110 73
109 72
109 73
120 81
121 77
110 71
109 78
113 73
114 76
117 72
100 70
104 74
113 74
125 79
114 77
103 71
113 73
110 74
100 70
111 73
111 70
111 74
113 73
100 70
107 76
108 70
116 78
117 72
113 73
103 71
113 74
114 76
116 73
103 71
132 78
113 74
113 75
115 73
126 80
122 76
104 74
109 73
130 79
116 76
117 74
109 74
117 74
113 73
115 73
100 70
122 74
130 79
106 73
120 76
113 74
100 70
117 71
103 75
103 74
100 70
100 70
100 70
100 70
124 74
103 71
112 73
100 70
104 74
108 70
115 73
111 79
109 77
128 79
116 73
107 76
117 74
120 79
103 71
107 76
111 70
107 75
117 72
110 73
107 76
115 73
104 72
111 78
114 75
116 73
103 75
120 73
122 75
115 73
111 79
120 78
113 73
110 76
100 70
125 77
113 73
107 76
100 70
107 76
107 75
100 70
100 70
100 70
107 75
104 74
114 77
106 73
122 75
103 71
108 70
116 76
116 73
103 71
107 76
114 74
117 76
100 70
103 74
100 70
107 76
114 77
117 76
125 77
119 77
113 74
113 73
108 70
124 82
117 72
103 76
115 74
111 70
103 75
123 78
117 75
116 75
114 77
107 76
119 74
100 70
107 75
119 78
103 71
117 74
103 75
128 77
106 73
114 76
109 74
115 74
120 79
107 75
109 74
121 77
114 77
114 77
103 71
114 78
113 73
107 76
114 73
116 76
110 73
115 74
104 72
106 73
111 77
116 73
107 76
116 75
111 70
123 78
107 76
121 79
100 70
121 75
119 75
103 71
126 80
113 73
121 77
100 70
117 74
111 72
103 71
114 77
123 74
114 75
106 75
107 76
100 70
111 74
113 75
112 73
120 74
107 76
107 75
109 71
121 83
103 71
110 72
116 75
109 73
110 73
110 71
104 72
116 73
121 79
107 76
106 73
120 79
100 70
107 75
111 78
112 73
111 72
124 82
106 73
103 71
115 73
110 73
111 78
117 73
111 71
100 70
123 77
123 79
100 70
103 71
113 74
122 76
126 78
108 70
103 71
114 77
100 70
103 71
107 76
100 70
100 70
128 75
114 78
100 70
109 74
103 74
100 70
108 70
117 74
108 71
110 73
111 79
103 71
131 79
111 70
103 71
100 70
103 71
106 73
117 74
113 77
116 73
103 74
112 76
103 71
111 78
116 76
114 72
103 71
108 71
100 70
123 76
115 74
110 71
107 76
114 78
117 75
112 74
100 70
107 74
116 73
111 79
113 74
113 73
121 75
100 70
103 75
116 73
115 75
122 75
103 71
124 77
117 76
123 78
111 70
126 81
121 75
108 70
113 73
100 70
116 75
111 79
100 70
115 75
129 78
104 72
114 75
111 72
115 75
113 74
107 75
115 73
