86 61
82 58
100 61
82 58
88 64
86 63
106 60
88 62
86 56
86 63
85 59
85 59
88 63
103 61
93 62
90 56
101 67
95 59
89 61
101 57
82 58
85 60
82 60
93 63
82 58
86 63
88 59
100 61
89 63
86 56
82 58
96 65
100 61
100 62
88 62
100 61
100 64
86 63
92 55
86 61
85 59
88 62
96 61
86 63
95 59
101 63
88 62
86 61
89 63
97 58
95 59
101 63
92 57
92 55
95 66
86 61
85 59
86 63
93 58
90 64
89 61
106 60
94 58
96 58
96 63
93 62
96 63
92 55
82 60
95 63
109 66
94 62
85 59
82 58
82 58
85 60
86 63
82 60
87 62
86 63
101 59
89 61
89 61
101 61
82 58
89 63
82 58
82 58
96 62
88 62
95 64
105 62
87 62
82 58
86 61
106 64
82 60
93 58
95 66
89 63
95 66
82 58
96 62
82 58
95 59
88 62
89 63
89 61
88 66
86 61
86 63
86 63
98 63
86 57
99 63
100 66
85 60
85 59
111 63
88 62
86 63
94 58
88 66
87 56
82 58
86 56
92 55
94 61
85 59
82 60
86 63
93 59
88 62
105 58
85 60
93 58
82 58
87 56
96 62
93 63
93 63
95 57
102 64
93 58
93 58
86 57
87 62
82 58
98 60
106 60
86 56
95 57
88 64
85 59
110 62
89 62
86 56
95 59
109 65
97 58
85 59
86 63
95 64
88 63
101 57
93 62
88 58
86 56
89 61
102 60
86 56
92 57
82 58
88 63
82 58
85 59
85 60
82 58
86 63
82 58
86 63
96 65
95 59
93 62
89 61
85 60
96 60
95 59
97 65
95 56
82 58
89 63
93 62
82 58
85 59
82 58
105 61
87 62
98 62
110 64
86 61
99 58
109 63
100 62
85 59
102 64
82 58
106 57
93 63
93 58
85 60
86 63
85 60
85 60
88 62
106 63
86 61
96 62
102 59
96 63
93 59
86 63
82 58
89 61
119 64
95 60
102 60
89 61
85 59
88 60
87 56
105 62
86 57
85 59
95 66
82 58
82 58
96 59
93 58
100 62
92 55
93 58
109 65
105 62
89 63
105 61
96 61
86 56
89 61
82 58
101 63
87 56
106 61
97 58
85 59
93 59
