114 67
86 56
82 58
86 56
95 66
95 57
100 62
86 63
86 61
101 63
86 63
86 56
82 60
82 58
87 62
85 59
106 61
103 63
94 63
82 58
88 62
82 58
101 57
82 60
82 58
101 62
89 61
96 64
85 59
100 66
95 58
90 54
93 60
90 62
95 66
86 61
94 63
93 58
85 59
93 58
82 58
98 58
93 59
94 62
96 64
86 63
93 58
92 55
82 58
88 62
86 63
89 63
91 59
86 61
93 60
86 61
86 63
88 64
86 61
82 58
86 56
98 60
88 62
86 61
93 58
82 60
86 56
86 61
86 63
82 58
89 61
85 59
86 56
86 63
82 58
88 62
96 61
86 63
82 58
85 60
82 58
88 63
82 60
95 59
86 61
107 59
122 71
100 62
98 57
89 63
82 58
110 65
103 62
85 59
90 54
102 65
109 65
94 58
108 63
94 62
93 58
86 56
82 58
82 58
93 62
89 61
93 58
99 64
93 58
88 63
86 56
86 63
96 58
86 63
89 61
99 63
86 63
88 64
82 60
86 61
100 62
87 56
82 58
82 58
87 62
98 57
86 56
86 61
86 57
86 61
93 62
112 66
85 59
95 57
86 56
95 59
106 67
93 60
95 61
86 57
86 56
87 56
82 60
85 59
89 61
87 56
100 62
108 60
82 58
86 61
90 62
96 62
96 61
93 63
106 60
86 56
82 58
89 61
96 61
82 58
89 61
89 61
86 61
94 62
89 61
94 62
102 62
106 64
108 65
100 67
82 58
82 58
95 59
89 61
93 58
95 56
95 56
82 58
107 63
88 62
86 63
97 59
98 62
89 61
82 58
89 61
91 61
82 60
89 61
110 66
100 62
92 57
87 56
101 59
82 58
98 65
87 62
95 59
82 58
88 58
89 61
86 56
98 58
92 60
85 59
101 64
93 62
88 62
88 62
96 64
86 56
86 63
82 58
82 60
82 58
101 61
89 61
109 65
99 63
86 63
126 66
89 61
86 56
82 58
82 60
100 62
92 55
82 58
89 61
82 60
86 63
102 63
90 54
109 66
105 63
97 58
98 57
102 64
95 59
86 56
105 61
85 59
94 62
88 63
86 63
82 58
82 58
94 63
85 59
82 60
85 59
98 57
87 56
82 58
86 56
102 59
98 65
82 58
104 67
97 61
95 64
82 58
86 63
94 58
87 62
105 64
109 66
86 63
105 64
125 74
82 58
105 64
82 58
93 63
85 59
94 63
82 58
86 57
82 58
105 65
100 64
85 59
95 59
93 58
82 58
106 64
82 60
86 61
106 68
86 63
86 56
82 60
92 55
87 56
85 59
86 63
110 64
86 61
98 62
86 61
89 63
95 59
101 63
107 65
82 60
95 66
95 57
85 59
86 56
109 67
95 66
85 59
94 60
97 65
106 61
86 56
82 58
110 68
109 65
86 61
101 59
82 60
82 58
86 61
86 63
105 64
82 58
102 63
85 60
100 61
93 59
100 62
88 62
96 58
82 58
100 61
89 61
85 59
82 58
88 62
82 58
101 63
