58 46
71 45
76 51
58 46
67 47
58 46
71 46
58 46
58 46
81 50
72 50
66 47
58 46
58 46
58 46
66 47
58 46
77 50
70 50
70 50
66 47
70 50
58 46
70 50
72 50
70 50
58 46
67 47
67 47
58 46
66 47
58 46
75 49
71 46
66 47
71 46
66 47
73 49
67 47
70 50
66 47
58 46
58 46
67 47
71 46
58 46
58 46
66 47
66 47
66 47
71 46
73 49
58 46
66 47
58 46
72 50
58 46
68 49
70 50
58 46
72 50
71 45
66 48
58 46
69 46
66 47
72 50
58 46
73 49
71 45
73 45
66 47
66 47
66 47
70 50
66 47
58 46
71 45
73 49
71 45
66 48
58 46
72 50
72 50
58 46
72 50
58 46
71 46
66 47
71 45
73 45
83 52
71 45
67 47
67 47
58 46
66 47
58 46
67 47
66 47
73 47
66 48
67 47
72 50
58 46
83 51
82 48
73 49
71 45
58 46
70 50
58 46
76 48
67 47
58 46
70 50
58 46
71 46
58 46
66 47
66 47
70 50
71 46
67 47
66 48
66 47
66 47
66 47
58 46
66 47
66 47
72 50
58 46
67 47
66 47
83 49
71 45
66 47
66 48
58 46
72 50
80 48
71 46
70 49
58 46
58 46
66 47
58 46
58 46
66 47
66 47
73 49
58 46
58 46
58 46
70 50
66 47
66 47
58 46
66 47
67 47
83 47
66 47
66 47
58 46
66 47
72 50
68 49
66 47
80 48
58 46
58 46
58 46
58 46
58 46
67 47
58 46
70 50
70 50
72 50
73 49
71 46
70 48
72 50
73 45
70 48
67 47
66 48
66 47
58 46
66 47
58 46
66 48
66 48
69 50
66 47
70 48
78 50
66 47
76 52
58 46
71 46
58 46
66 47
58 46
66 48
70 50
66 47
58 46
67 47
58 46
71 49
67 47
58 46
74 45
58 46
58 46
58 46
58 46
72 50
70 50
70 50
58 46
80 48
66 47
71 46
66 47
58 46
70 50
66 47
58 46
67 47
80 48
58 46
66 47
66 47
70 50
58 46
66 47
58 46
58 46
58 46
66 47
58 46
58 46
58 46
73 49
66 47
58 46
70 50
66 47
58 46
72 50
58 46
66 47
71 46
71 45
66 47
73 49
66 47
71 46
72 50
67 47
75 49
58 46
70 50
66 47
70 50
66 47
69 51
67 47
58 46
80 48
70 50
58 46
76 51
58 46
66 47
70 50
73 49
58 46
72 50
73 49
70 50
76 46
71 46
66 47
58 46
58 46
72 50
58 46
58 46
58 46
71 46
58 46
58 46
67 47
66 47
66 47
73 45
73 49
67 47
70 50
71 46
67 47
76 48
66 47
70 50
66 47
66 47
66 48
66 47
66 47
58 46
71 45
73 45
58 46
58 46
73 47
70 50
58 46
66 47
70 50
71 45
66 47
67 47
58 46
73 45
72 50
58 46
75 50
58 46
72 50
58 46
58 46
58 46
66 47
58 46
66 47
73 45
70 50
58 46
73 45
67 47
58 46
81 44
71 46
66 48
66 47
69 46
71 49
58 46
66 47
69 50
58 46
66 48
70 50
58 46
72 50
58 46
66 47
66 47
70 50
58 46
68 49
73 49
58 46
72 50
66 47
58 46
58 46
66 47
82 51
71 46
66 48
74 45
82 48
80 49
58 46
73 49
81 44
66 47
66 47
82 47
74 45
66 47
79 50
71 46
66 47
71 45
58 46
58 46
71 45
70 50
66 47
73 49
66 48
75 49
58 46
71 49
68 49
66 47
58 46
66 47
58 46
58 46
58 46
72 50
75 50
58 46
66 47
72 50
71 45
66 48
66 47
71 46
66 47
67 47
72 50
58 46
66 47
73 49
71 49
70 50
58 46
66 47
73 49
72 50
71 46
58 46
67 47
79 46
70 50
67 47
82 49
75 49
70 50
66 47
71 49
58 46
58 46
58 46
76 48
66 47
58 46
58 46
58 46
67 47
58 46
58 46
66 47
58 46
58 46
58 46
73 45
71 45
74 47
66 47
66 47
66 47
66 47
70 50
66 47
58 46
73 49
66 47
66 47
74 45
58 46
71 45
70 50
70 50
58 46
71 46
67 47
58 46
58 46
66 47
58 46
70 50
58 46
58 46
66 47
58 46
66 47
67 47
77 50
70 49
66 47
73 49
78 50
58 46
58 46
66 47
58 46
68 49
70 50
71 46
67 47
66 47
66 47
70 50
70 50
66 47
58 46
58 46
58 46
72 50
72 50
58 46
76 51
71 49
66 47
66 47
66 47
74 47
71 45
73 49
71 46
70 50
66 47
66 47
70 50
73 45
75 49
58 46
58 46
79 44
73 49
73 45
66 48
71 45
58 46
66 47
78 48
66 47
58 46
73 49
68 49
71 46
70 50
73 49
72 50
66 47
66 47
58 46
66 47
58 46
71 45
82 46
58 46
58 46
76 52
66 47
58 46
75 49
71 45
70 50
66 47
66 47
70 50
66 47
58 46
66 47
77 50
72 50
73 49
74 45
58 46
67 47
82 47
73 49
58 46
71 44
66 48
70 49
58 46
72 50
58 46
71 46
66 47
66 47
67 47
76 48
80 48
73 45
58 46
73 49
73 49
66 47
66 47
58 46
73 49
58 46
71 49
66 47
71 46
70 50
66 47
58 46
72 46
66 48
66 47
71 45
75 48
58 46
70 50
66 47
58 46
58 46
66 47
72 50
58 46
58 46
72 50
70 50
58 46
58 46
66 48
58 46
71 45
58 46
70 48
79 46
58 46
70 50
68 49
58 46
66 47
67 47
66 47
71 46
58 46
58 46
81 49
72 50
58 46
66 47
73 49
73 49
72 50
66 47
58 46
58 46
70 50
58 46
80 48
73 49
58 46
58 46
79 49
67 47
82 51
58 46
70 50
72 50
73 49
66 47
58 46
71 46
58 46
58 46
66 47
58 46
70 50
72 50
71 46
70 50
70 50
73 49
67 47
73 49
66 47
58 46
69 46
58 46
58 46
58 46
58 46
58 46
72 50
71 46
67 47
66 47
66 47
58 46
66 47
66 47
66 47
71 46
58 46
58 46
73 49
66 47
58 46
66 47
58 46
79 46
58 46
66 47
70 50
71 46
67 47
66 47
66 47
58 46
58 46
73 50
58 46
73 46
58 46
82 47
70 50
58 46
58 46
58 46
58 46
70 50
58 46
67 47
73 49
67 47
58 46
66 47
58 46
70 49
66 47
58 46
70 50
75 49
66 47
70 50
67 47
77 50
67 47
70 50
67 47
67 47
73 49
66 48
71 46
58 46
67 47
66 47
66 47
70 49
58 46
66 47
66 47
70 50
58 46
67 47
66 47
73 49
58 46
58 46
71 46
66 47
73 49
58 46
58 46
70 50
71 45
76 46
73 49
58 46
66 47
72 50
73 47
66 47
73 45
66 47
66 48
71 46
66 47
81 51
66 48
66 47
66 47
66 47
58 46
71 45
70 50
80 48
66 47
67 47
73 49
66 47
76 46
73 45
76 46
66 48
66 47
67 47
73 49
67 47
66 47
58 46
70 50
70 50
69 46
58 46
68 49
70 50
58 46
70 50
71 46
73 47
71 46
66 47
66 48
73 49
58 46
70 50
72 50
70 50
66 47
68 49
66 47
67 47
72 50
58 46
66 47
73 49
70 50
66 47
66 47
58 46
58 46
71 45
76 48
67 47
73 45
71 46
58 46
77 50
67 47
73 45
73 49
58 46
66 47
76 52
58 46
66 48
58 46
71 45
67 47
72 46
66 47
58 46
67 47
70 50
71 45
66 47
74 45
67 47
66 47
70 50
71 46
75 49
76 51
66 47
58 46
66 47
58 46
67 47
58 46
72 50
72 50
70 50
66 47
71 45
58 46
58 46
70 50
67 47
66 47
58 46
58 46
66 48
70 50
66 47
66 48
58 46
66 48
67 47
66 47
73 49
58 46
74 47
78 48
73 45
71 45
70 50
73 49
71 46
58 46
73 45
71 46
58 46
78 50
66 47
72 50
68 49
72 50
58 46
70 50
66 47
58 46
66 47
66 47
58 46
67 47
70 50
66 47
80 48
58 46
66 48
58 46
66 47
58 46
66 47
70 50
73 49
70 50
66 47
84 49
58 46
58 46
72 50
66 47
73 49
73 45
66 47
67 47
71 46
66 47
74 47
58 46
72 50
66 47
73 49
70 49
70 50
58 46
70 50
67 47
67 47
71 46
75 49
66 47
67 47
66 47
58 46
58 46
58 46
67 47
73 47
67 47
67 47
58 46
58 46
67 47
77 52
71 46
70 48
66 48
58 46
58 46
71 46
58 46
66 47
74 45
66 47
66 48
58 46
67 47
58 46
79 48
73 45
66 47
58 46
66 47
66 47
71 46
81 49
58 46
83 49
58 46
58 46
72 50
73 49
58 46
70 50
71 46
69 50
73 45
66 47
58 46
58 46
66 47
67 47
58 46
66 48
80 48
92 51
76 46
74 47
66 47
58 46
58 46
66 47
73 49
75 50
66 47
58 46
68 49
66 48
71 46
58 46
70 50
58 46
70 50
58 46
70 49
66 47
71 46
75 50
58 46
58 46
68 49
82 47
58 46
66 47
66 47
67 47
58 46
73 49
70 50
71 45
58 46
67 47
67 47
58 46
71 46
58 46
58 46
73 49
58 46
72 50
66 48
70 50
75 48
66 47
71 46
66 47
66 48
72 50
58 46
58 46
66 47
58 46
66 47
67 47
71 46
58 46
66 47
58 46
58 46
70 50
70 50
71 46
58 46
58 46
58 46
58 46
67 47
58 46
58 46
71 46
67 47
67 47
58 46
72 50
58 46
81 44
66 47
71 46
71 46
67 47
58 46
76 46
69 50
71 45
74 45
66 47
58 46
58 46
66 47
66 47
58 46
70 50
66 47
70 50
71 46
58 46
80 48
70 50
58 46
66 47
66 48
67 47
73 45
58 46
58 46
66 47
78 50
76 52
72 50
66 48
67 47
73 49
80 48
72 50
77 50
58 46
68 49
66 47
58 46
66 47
72 50
76 48
58 46
70 50
68 49
70 50
66 48
58 46
79 48
72 50
66 48
71 46
58 46
71 46
58 46
58 46
68 49
69 46
66 47
66 47
68 49
73 49
71 49
66 47
58 46
66 48
58 46
66 47
58 46
76 46
71 46
76 48
58 46
70 50
58 46
66 48
58 46
66 47
58 46
76 48
69 46
58 46
71 46
66 47
58 46
66 47
70 50
58 46
72 49
66 47
71 46
58 46
71 46
70 50
74 45
72 50
66 48
58 46
70 49
66 47
58 46
71 49
58 46
58 46
58 46
79 46
71 46
58 46
70 50
66 47
71 45
76 48
66 47
58 46
79 46
66 47
71 45
70 50
66 47
66 47
66 48
67 47
70 50
86 51
70 50
58 46
58 46
66 47
71 49
73 50
58 46
66 47
71 46
66 47
66 47
73 45
58 46
70 50
70 50
70 50
71 46
58 46
66 47
58 46
72 44
58 46
76 52
58 46
74 47
67 47
77 50
71 45
66 47
70 50
73 49
72 46
76 49
70 50
74 45
70 50
58 46
58 46
71 46
66 48
66 47
73 49
75 48
66 47
67 47
66 48
66 47
58 46
58 46
79 44
58 46
84 50
58 46
58 46
66 47
66 47
71 46
71 45
72 44
72 50
58 46
66 47
66 47
66 47
66 47
71 46
66 47
58 46
73 45
67 47
76 48
71 46
73 49
68 49
58 46
66 48
70 50
58 46
66 47
66 47
70 50
73 49
83 50
66 47
70 50
70 49
80 48
71 46
58 46
58 46
58 46
66 47
70 50
71 46
58 46
71 45
66 47
81 49
82 48
70 48
66 48
66 47
58 46
67 47
58 46
66 47
76 46
58 46
58 46
70 50
70 50
58 46
70 50
70 50
71 44
72 50
66 47
73 49
71 45
70 50
58 46
80 48
71 46
66 47
58 46
66 47
58 46
84 50
73 49
66 47
66 47
66 47
83 47
66 47
71 46
79 50
73 49
67 47
76 46
58 46
68 49
76 45
58 46
66 47
58 46
58 46
58 46
69 46
58 46
66 47
66 47
67 47
75 50
67 47
71 46
58 46
58 46
58 46
58 46
58 46
71 45
66 47
58 46
69 46
70 49
70 50
76 46
66 47
58 46
73 47
66 47
70 48
73 49
66 47
74 45
70 50
66 47
58 46
66 47
73 49
86 50
66 47
58 46
58 46
67 47
79 48
66 47
66 47
73 49
58 46
66 47
73 49
73 49
70 50
70 50
68 49
58 46
73 49
70 48
71 49
66 47
66 47
58 46
58 46
66 47
58 46
58 46
76 46
72 50
76 46
66 48
73 49
58 46
66 47
67 47
66 48
79 50
73 47
58 46
58 46
66 47
70 50
58 46
66 47
85 47
58 46
66 47
75 50
73 49
66 48
58 46
73 49
58 46
71 46
73 45
73 49
66 47
70 50
70 50
66 47
66 47
58 46
71 45
58 46
58 46
77 52
70 50
68 49
80 48
58 46
71 45
66 47
71 46
71 46
58 46
67 47
71 45
82 47
75 48
58 46
69 51
66 47
66 48
70 50
70 50
66 47
77 50
66 47
76 48
72 50
73 45
66 47
66 48
80 48
70 50
58 46
70 50
58 46
66 48
58 46
70 49
88 53
66 47
76 52
58 46
66 47
71 46
58 46
66 47
58 46
66 47
72 50
72 50
58 46
58 46
78 50
73 45
73 45
76 46
73 45
73 45
66 47
58 46
58 46
72 50
58 46
68 49
73 49
76 52
70 50
71 45
66 47
73 50
67 47
66 48
66 47
73 49
58 46
58 46
58 46
72 50
66 47
70 50
58 46
66 47
70 50
58 46
70 50
66 47
58 46
58 46
70 50
58 46
76 46
58 46
58 46
82 47
71 46
84 50
58 46
70 49
66 47
71 46
72 50
83 50
71 46
58 46
66 47
58 46
73 49
71 45
67 47
66 47
66 48
73 45
70 50
58 46
71 46
66 47
78 50
71 46
70 50
58 46
67 47
58 46
68 49
71 46
70 50
76 46
71 45
66 47
71 46
70 50
66 47
73 49
58 46
58 46
70 50
67 47
70 50
66 47
66 47
70 50
70 50
58 46
67 47
58 46
58 46
67 47
66 47
58 46
67 47
79 48
77 50
70 48
72 50
66 47
58 46
58 46
73 45
70 50
67 47
58 46
66 47
66 47
91 51
58 46
69 50
67 47
67 47
58 46
58 46
58 46
58 46
72 50
58 46
66 47
66 47
58 46
77 50
58 46
70 50
75 48
72 46
73 49
74 45
58 46
66 47
73 49
58 46
66 47
72 50
68 49
71 46
58 46
58 46
73 49
78 50
81 49
66 47
58 46
67 47
71 49
58 46
58 46
58 46
73 47
73 49
72 50
86 51
66 48
72 50
68 49
73 45
58 46
73 49
74 45
58 46
72 49
67 47
66 47
58 46
58 46
73 47
66 47
58 46
66 47
73 49
72 50
58 46
72 50
66 47
73 49
76 52
67 47
66 48
67 47
66 47
66 47
58 46
79 48
70 50
73 49
58 46
58 46
66 47
73 45
58 46
66 47
58 46
81 50
66 47
70 50
66 47
58 46
71 46
73 47
66 47
71 46
58 46
76 46
66 47
74 45
66 48
66 47
70 50
73 49
58 46
70 50
73 49
58 46
85 48
58 46
58 46
58 46
73 49
70 50
58 46
66 48
71 46
69 46
72 50
73 45
67 47
82 48
58 46
66 47
58 46
72 50
73 49
73 49
58 46
66 47
66 47
71 46
72 50
80 48
58 46
58 46
67 47
81 49
71 46
66 47
66 47
66 48
58 46
66 47
70 48
70 50
72 50
71 49
66 47
58 46
66 47
70 49
58 46
66 47
73 50
84 48
68 49
74 47
73 49
73 49
58 46
66 47
66 47
58 46
73 47
70 50
67 47
58 46
66 47
58 46
58 46
66 47
73 45
71 46
58 46
58 46
66 47
58 46
58 46
70 50
73 49
66 47
70 50
71 46
67 47
71 46
70 50
66 47
71 45
67 47
70 50
68 49
69 46
58 46
75 48
70 50
67 47
72 49
58 46
70 50
58 46
80 49
66 48
58 46
66 47
58 46
58 46
68 49
77 50
74 45
58 46
68 49
72 50
70 50
70 50
66 47
82 47
66 47
58 46
71 45
58 46
66 47
58 46
70 50
66 47
58 46
58 46
66 47
80 48
66 47
58 46
67 47
79 50
72 50
58 46
73 45
58 46
73 49
73 50
79 50
73 46
73 45
58 46
70 50
72 50
66 47
66 47
67 47
66 47
76 46
58 46
58 46
70 50
77 50
70 50
58 46
67 47
66 47
66 47
68 49
58 46
72 50
58 46
73 49
76 46
72 50
66 47
58 46
58 46
58 46
68 49
70 50
58 46
58 46
73 45
71 49
66 48
72 50
73 49
73 45
66 47
73 49
66 48
58 46
76 48
73 45
66 47
79 44
58 46
58 46
66 48
67 47
66 47
81 54
66 47
58 46
81 50
72 50
72 50
67 47
66 47
66 47
83 50
58 46
73 49
73 45
68 49
71 45
58 46
75 49
66 48
71 49
69 46
71 49
58 46
66 47
81 49
68 49
67 47
70 50
66 47
58 46
58 46
58 46
72 50
71 45
66 47
72 46
66 47
58 46
73 46
72 50
71 46
70 50
66 48
58 46
58 46
66 48
66 47
67 47
58 46
66 47
58 46
70 50
73 49
73 49
78 50
58 46
58 46
66 47
66 47
73 45
58 46
70 50
66 47
66 47
58 46
70 48
73 45
73 49
58 46
66 47
58 46
58 46
66 48
58 46
66 47
66 48
58 46
71 49
71 46
71 45
58 46
66 47
70 50
66 47
58 46
58 46
70 50
58 46
66 47
58 46
66 47
71 49
58 46
70 48
73 45
70 48
66 47
58 46
58 46
73 49
71 46
73 49
58 46
75 50
58 46
58 46
58 46
77 50
66 48
66 47
70 50
73 45
58 46
73 49
66 47
72 50
66 48
77 50
70 50
58 46
68 49
80 48
58 46
66 47
66 47
71 45
73 49
58 46
67 47
58 46
58 46
72 50
66 47
58 46
71 46
71 49
68 49
66 47
58 46
73 45
76 46
66 48
66 47
67 47
58 46
72 50
58 46
58 46
66 47
58 46
72 50
58 46
72 50
58 46
58 46
76 46
73 49
73 47
58 46
58 46
71 46
58 46
58 46
73 45
67 47
70 50
66 47
67 47
72 50
58 46
79 44
58 46
70 50
58 46
73 45
74 45
66 47
66 47
58 46
58 46
79 46
67 47
66 47
76 52
66 47
73 45
58 46
66 47
66 47
58 46
70 50
67 47
66 48
58 46
58 46
66 47
58 46
79 44
58 46
70 50
58 46
70 50
72 50
58 46
66 47
72 50
79 44
71 45
84 48
58 46
73 49
69 46
58 46
71 46
67 47
58 46
66 47
71 46
76 48
70 50
67 47
66 47
58 46
70 50
70 50
58 46
58 46
71 46
70 50
70 50
73 49
66 47
66 47
66 47
58 46
66 47
66 47
92 50
58 46
78 50
71 45
71 49
66 47
71 49
67 47
58 46
58 46
58 46
58 46
73 49
79 48
66 47
58 46
70 50
73 46
73 49
66 48
77 50
70 50
58 46
66 47
73 49
66 48
80 48
67 47
58 46
66 47
66 48
58 46
72 50
71 46
66 47
70 50
58 46
76 45
77 50
67 47
73 49
76 46
77 50
66 47
71 46
58 46
67 47
72 50
66 47
66 47
66 47
68 49
72 50
67 47
70 50
66 47
58 46
70 50
58 46
70 50
58 46
74 45
66 47
77 50
58 46
58 46
71 49
66 47
58 46
72 50
67 47
66 47
58 46
67 47
73 45
71 46
66 47
71 49
66 47
58 46
66 47
58 46
58 46
72 50
66 47
66 47
66 47
58 46
58 46
66 47
81 49
71 45
70 50
70 50
82 46
58 46
66 47
70 48
72 50
66 47
66 48
70 48
66 47
70 50
58 46
66 48
58 46
58 46
70 50
58 46
66 47
66 47
70 49
69 50
73 47
58 46
58 46
71 49
72 46
58 46
58 46
66 48
58 46
71 45
66 47
66 47
66 47
71 45
68 49
66 47
77 49
66 48
79 48
66 48
58 46
71 46
66 47
66 47
70 50
66 48
70 50
74 45
58 46
73 49
71 49
58 46
58 46
76 52
69 46
58 46
86 50
71 45
74 45
71 45
70 50
67 47
58 46
66 47
70 50
72 50
72 50
66 47
58 46
70 50
71 46
70 49
58 46
73 49
73 47
71 46
66 47
58 46
73 49
58 46
58 46
68 49
66 47
58 46
66 47
58 46
58 46
66 47
58 46
67 47
66 47
67 47
66 47
71 46
76 46
70 50
58 46
73 45
73 49
72 50
79 44
66 47
67 47
66 47
73 49
58 46
66 47
58 46
71 46
58 46
80 52
58 46
58 46
72 50
66 47
66 47
67 47
66 47
66 47
71 46
77 52
58 46
67 47
58 46
74 45
67 47
73 45
66 47
71 45
72 50
66 47
73 50
58 46
67 47
66 47
68 49
79 44
58 46
66 48
73 49
75 50
58 46
58 46
58 46
70 48
70 50
66 47
70 48
73 50
58 46
66 47
67 47
66 47
58 46
58 46
72 50
70 50
66 47
66 47
58 46
73 45
58 46
58 46
58 46
66 47
58 46
66 47
72 50
74 45
58 46
70 48
66 47
66 47
71 45
66 48
72 46
73 45
72 50
74 45
80 48
58 46
66 47
58 46
76 46
70 50
70 50
66 47
71 46
80 48
66 47
58 46
66 47
73 49
58 46
73 49
58 46
73 49
58 46
71 46
70 50
67 47
72 50
66 47
66 47
58 46
76 48
70 50
66 47
70 50
70 50
66 47
73 49
58 46
78 50
67 47
67 47
66 47
73 49
58 46
58 46
74 45
67 47
66 47
73 49
58 46
67 47
71 45
83 52
77 50
68 49
66 47
75 49
58 46
66 47
58 46
73 49
58 46
67 47
58 46
73 45
70 49
58 46
66 48
58 46
67 47
67 47
82 47
58 46
66 47
73 49
76 46
74 45
58 46
58 46
73 50
66 48
58 46
58 46
70 50
58 46
71 46
72 50
66 47
66 47
58 46
70 50
73 45
66 48
73 50
58 46
73 47
71 45
58 46
58 46
76 46
81 49
83 49
66 47
70 50
58 46
66 48
72 50
66 48
86 47
77 50
84 50
67 47
58 46
72 46
58 46
67 47
66 47
58 46
58 46
72 50
58 46
58 46
58 46
66 47
76 48
72 50
77 52
66 48
70 50
58 46
66 48
58 46
70 50
83 52
66 47
70 50
58 46
58 46
66 47
66 47
79 44
74 47
66 47
58 46
58 46
73 49
73 45
77 50
72 50
58 46
67 47
58 46
67 47
72 49
66 47
72 50
74 45
70 50
58 46
70 50
66 48
58 46
67 47
73 45
58 46
58 46
66 47
72 46
76 48
70 50
58 46
58 46
73 45
66 47
58 46
83 52
66 47
58 46
83 49
66 47
58 46
58 46
58 46
58 46
66 47
58 46
58 46
72 50
58 46
70 50
58 46
71 46
77 50
68 49
58 46
58 46
73 47
58 46
66 48
79 49
73 47
66 48
58 46
72 50
58 46
58 46
58 46
58 46
78 50
58 46
67 47
58 46
66 47
58 46
66 47
66 47
76 46
67 47
71 45
69 46
73 45
73 47
73 47
58 46
82 48
66 47
71 45
70 50
66 47
71 46
78 50
58 46
58 46
66 47
74 45
80 49
66 47
58 46
71 45
74 47
66 47
66 47
70 50
58 46
58 46
58 46
66 47
66 47
58 46
58 46
58 46
58 46
66 47
70 50
70 50
58 46
72 50
71 49
58 46
86 50
67 47
66 47
58 46
77 52
58 46
70 50
66 47
58 46
58 46
71 49
70 50
58 46
73 45
71 45
67 47
58 46
66 47
66 47
66 47
73 45
71 46
71 46
67 47
66 47
71 45
58 46
58 46
74 45
73 49
73 49
70 50
70 50
70 50
66 47
58 46
73 49
72 44
70 50
73 45
71 46
71 46
58 46
66 47
58 46
71 46
83 51
58 46
70 50
58 46
83 50
90 52
70 50
70 50
66 48
73 49
70 50
73 49
58 46
66 47
70 50
74 45
74 45
71 45
58 46
58 46
58 46
70 50
76 48
72 46
58 46
72 50
73 49
58 46
80 48
58 46
66 48
58 46
58 46
70 50
58 46
58 46
66 47
74 47
71 46
73 49
71 45
58 46
66 47
66 47
58 46
66 47
72 44
66 47
58 46
70 50
67 47
72 50
68 49
66 47
67 47
72 50
58 46
70 50
58 46
70 50
58 46
58 46
66 47
80 49
73 45
58 46
66 47
67 47
58 46
67 47
66 47
71 46
58 46
70 48
67 47
66 47
73 46
70 50
70 50
58 46
66 48
67 47
58 46
67 47
58 46
58 46
73 49
66 47
58 46
75 49
58 46
66 47
67 47
71 45
74 47
66 47
66 47
58 46
71 45
58 46
66 47
70 50
58 46
58 46
66 47
66 47
66 47
58 46
66 47
66 47
66 48
66 47
66 47
58 46
70 50
71 45
58 46
67 47
66 47
58 46
70 50
73 49
58 46
72 50
66 47
66 47
58 46
58 46
58 46
58 46
73 45
58 46
70 50
58 46
70 50
73 49
66 47
66 47
66 47
75 48
66 47
58 46
70 50
58 46
66 47
58 46
58 46
66 47
71 49
71 45
74 45
77 49
58 46
71 45
67 47
70 50
77 45
66 48
72 50
66 47
71 49
58 46
71 45
66 47
58 46
70 50
58 46
71 45
58 46
58 46
67 47
81 50
72 50
71 45
67 47
58 46
81 54
75 50
58 46
58 46
70 50
58 46
72 50
71 46
66 47
66 47
72 50
66 47
73 45
58 46
74 47
66 48
71 46
66 47
72 50
73 45
58 46
58 46
80 48
58 46
58 46
66 47
66 47
70 50
70 50
70 50
67 47
58 46
58 46
67 47
58 46
72 49
58 46
67 47
73 49
73 50
72 46
72 50
73 45
66 47
66 47
58 46
66 47
58 46
74 45
72 50
81 49
58 46
67 47
73 49
67 47
58 46
66 48
58 46
58 46
66 47
73 49
81 47
66 47
66 47
73 49
66 47
71 45
73 45
70 50
71 46
66 47
66 47
74 45
58 46
58 46
58 46
58 46
69 50
66 47
66 47
58 46
66 47
66 47
66 47
66 47
69 46
58 46
70 50
58 46
58 46
66 47
66 47
66 48
70 50
58 46
66 47
66 48
58 46
70 50
58 46
66 47
66 47
70 50
73 49
70 50
73 45
66 47
71 45
58 46
66 47
70 50
58 46
58 46
58 46
70 50
58 46
58 46
58 46
58 46
67 47
73 45
58 46
71 46
71 46
58 46
58 46
76 48
58 46
73 49
58 46
70 50
66 47
82 47
66 47
68 49
58 46
70 50
58 46
71 45
58 46
58 46
66 48
58 46
70 49
82 47
66 48
73 49
74 47
66 47
58 46
58 46
72 50
58 46
66 48
71 46
72 50
66 47
58 46
58 46
66 47
72 50
58 46
66 47
67 47
67 47
66 47
83 51
73 49
66 47
66 47
58 46
70 50
66 47
66 47
58 46
58 46
72 50
73 49
73 49
66 47
82 47
70 50
70 50
66 47
66 47
66 47
79 48
70 50
66 47
58 46
77 50
58 46
72 50
66 47
66 47
67 47
58 46
58 46
58 46
70 50
67 47
58 46
73 49
58 46
70 50
58 46
58 46
58 46
69 46
70 48
58 46
58 46
58 46
70 50
68 49
84 48
67 47
70 50
66 47
71 45
71 46
74 45
71 45
58 46
73 49
71 46
72 50
73 49
70 49
81 54
70 50
70 48
58 46
67 47
70 50
67 47
82 47
66 47
58 46
72 44
66 47
58 46
58 46
69 50
58 46
75 50
58 46
70 50
66 47
58 46
72 50
58 46
70 48
73 49
70 49
58 46
66 47
58 46
70 50
74 47
58 46
58 46
73 49
71 46
66 47
58 46
74 45
67 47
66 47
69 50
72 46
67 47
66 48
66 47
72 50
66 47
70 50
76 49
66 47
66 47
73 45
58 46
71 46
66 47
66 47
72 50
66 47
73 49
87 51
58 46
71 49
71 45
58 46
66 47
73 49
66 47
70 50
58 46
74 45
58 46
66 47
71 46
58 46
58 46
72 50
58 46
72 50
82 47
58 46
71 45
58 46
83 51
66 47
58 46
66 47
58 46
66 47
58 46
73 49
70 50
58 46
68 49
66 47
76 50
58 46
71 46
74 45
68 49
58 46
66 47
66 47
58 46
58 46
71 46
58 46
66 48
66 48
73 49
71 46
70 50
66 47
58 46
58 46
71 45
66 47
58 46
58 46
73 45
58 46
58 46
58 46
66 47
66 47
72 50
81 50
58 46
81 54
72 50
58 46
66 47
80 48
72 49
66 48
73 49
66 47
74 47
67 47
80 48
76 49
66 47
70 50
66 47
70 50
58 46
58 46
70 50
66 48
58 46
58 46
73 49
72 50
58 46
66 47
72 46
67 47
58 46
58 46
58 46
66 48
70 50
73 45
74 45
67 47
67 47
72 44
74 45
70 50
58 46
66 47
58 46
66 47
66 47
75 48
72 50
73 49
72 44
67 47
58 46
66 48
71 46
73 45
66 47
66 47
67 47
66 47
58 46
67 47
73 45
66 47
58 46
73 49
71 45
73 49
69 46
72 50
70 50
66 47
77 50
58 46
70 50
66 47
71 49
73 45
73 45
58 46
83 52
76 48
66 47
72 50
72 50
72 46
66 47
58 46
66 47
76 48
58 46
79 48
71 45
71 45
72 50
73 47
58 46
71 46
70 50
70 50
58 46
70 49
71 45
66 47
58 46
66 48
58 46
70 50
66 47
76 48
58 46
76 51
66 47
58 46
73 49
67 47
71 46
58 46
58 46
72 50
80 48
67 47
58 46
73 47
71 45
58 46
70 50
66 47
66 47
71 46
71 46
67 47
66 47
67 47
67 47
58 46
70 50
73 49
66 47
76 46
58 46
73 45
67 47
71 46
58 46
70 50
58 46
68 49
58 46
58 46
71 46
66 47
66 47
58 46
66 47
73 45
67 47
66 47
71 46
66 47
77 50
66 47
73 45
58 46
58 46
71 46
70 50
68 49
58 46
70 50
70 50
73 49
58 46
70 50
70 50
58 46
66 47
66 47
58 46
69 50
83 47
67 47
74 47
58 46
58 46
66 47
58 46
79 50
58 46
96 55
72 50
58 46
58 46
58 46
73 45
67 47
67 47
66 47
66 47
71 45
82 48
66 47
58 46
77 48
58 46
66 47
66 47
76 46
67 47
58 46
67 47
71 45
71 45
70 50
72 50
66 47
58 46
73 45
58 46
73 45
66 47
71 46
58 46
70 50
67 47
77 50
66 47
66 47
58 46
58 46
70 49
58 46
71 45
71 46
84 48
72 50
70 50
58 46
58 46
67 47
58 46
71 49
58 46
66 47
71 46
66 47
66 48
72 50
71 45
