95 69
115 70
89 65
102 65
109 73
102 69
92 67
85 68
90 68
96 62
104 70
99 65
104 67
91 67
91 62
87 66
110 69
94 65
100 66
94 65
118 72
104 73
97 67
108 63
93 67
100 68
96 70
120 71
122 68
92 67
101 67
100 66
99 63
99 67
93 65
87 67
94 72
95 70
94 66
91 66
101 67
92 63
93 63
93 64
91 68
103 72
107 69
96 69
98 63
92 67
97 62
91 68
90 63
90 68
91 62
90 63
91 65
91 69
97 66
104 66
97 65
90 68
97 64
96 63
90 68
99 66
99 68
89 65
98 70
93 63
95 69
110 68
104 65
92 66
102 71
94 71
100 68
94 68
100 68
92 72
109 71
97 66
99 69
103 73
92 68
110 68
104 72
97 64
85 68
102 66
91 65
111 70
95 66
96 66
97 69
89 67
92 63
97 66
96 66
99 65
96 66
105 67
101 66
102 74
100 61
92 62
114 69
104 62
99 66
94 66
92 63
105 65
92 62
88 68
95 66
98 69
98 63
98 68
101 68
88 66
87 65
91 67
98 73
101 68
85 68
102 65
96 63
122 75
103 64
99 65
108 74
92 69
108 67
100 69
106 67
105 68
89 71
89 65
89 65
90 68
96 64
101 69
100 66
89 65
91 69
128 76
96 65
90 63
90 68
93 65
91 65
91 66
95 70
97 69
87 67
96 64
93 65
100 64
102 64
92 66
89 65
104 73
122 69
96 62
105 69
106 65
101 68
84 68
101 68
96 71
105 65
93 65
101 66
103 67
89 65
94 64
102 71
104 71
95 68
92 62
112 68
89 61
117 71
125 73
108 66
110 71
97 63
90 68
106 74
96 67
91 63
99 67
88 64
93 63
95 67
93 66
95 63
90 66
95 68
103 69
89 65
89 65
98 69
88 68
89 65
94 64
95 65
97 64
101 71
102 68
98 70
89 68
93 65
92 65
121 70
121 71
99 68
90 69
90 67
94 65
109 71
90 66
98 62
101 68
96 67
106 66
90 66
91 65
102 69
112 73
88 64
94 62
105 68
96 72
106 70
86 68
120 73
91 65
100 73
109 69
94 63
91 65
90 67
91 66
94 66
93 66
90 66
89 71
94 64
92 63
99 67
92 72
97 68
101 66
107 65
88 68
90 68
96 63
88 68
96 67
95 71
94 66
98 64
116 69
97 68
93 67
100 71
107 69
102 66
106 62
94 69
119 68
89 67
92 69
88 66
94 68
104 64
96 62
110 69
92 67
89 65
92 65
95 71
91 69
84 68
87 67
115 68
115 71
91 69
103 71
110 67
94 63
102 65
106 67
89 65
101 69
94 68
92 66
99 64
90 65
114 72
93 65
97 66
101 73
91 67
92 63
90 71
97 67
101 71
103 68
97 68
92 67
93 66
93 68
101 64
96 68
100 71
92 69
107 67
97 67
109 66
93 70
101 67
105 65
106 68
111 72
101 65
108 68
102 66
100 71
95 69
101 66
93 66
91 67
103 62
92 63
90 66
92 62
106 67
102 63
95 71
100 65
89 65
92 67
101 70
114 65
95 67
92 63
92 68
97 67
94 63
89 65
102 64
92 67
117 74
96 68
102 66
92 62
98 67
93 67
99 70
92 68
92 65
89 67
114 69
86 64
91 66
103 65
85 68
94 62
88 61
97 66
101 68
88 68
90 68
99 69
102 64
109 69
101 74
94 65
101 65
108 68
92 63
95 69
99 70
103 68
118 74
90 67
94 72
105 69
100 74
88 70
91 67
99 69
97 68
107 71
107 71
106 64
90 66
96 64
92 68
98 61
92 62
103 68
99 63
100 64
107 67
91 64
101 68
102 67
87 64
101 66
94 72
93 71
114 69
99 65
124 69
103 65
93 65
97 64
100 68
108 72
93 66
88 66
99 69
96 66
104 66
89 65
106 68
96 65
88 70
92 66
109 71
110 68
90 66
96 66
94 70
94 65
94 65
113 65
107 71
114 66
93 65
101 73
118 69
90 66
113 67
89 63
97 69
86 64
99 63
91 67
87 66
93 67
89 71
94 63
109 70
100 64
94 65
101 69
92 67
100 62
94 68
94 68
93 71
116 70
90 66
100 64
95 65
98 63
106 67
89 71
122 68
89 65
88 65
97 67
100 63
104 66
107 65
127 71
103 70
90 65
93 65
89 67
107 67
100 67
106 67
100 65
101 66
110 69
108 69
99 63
94 64
110 70
98 68
87 65
96 62
100 65
101 67
117 67
105 71
91 66
94 63
91 68
92 64
90 63
94 65
109 66
114 70
90 70
111 72
94 69
112 66
100 65
97 63
93 67
122 71
89 65
92 67
91 68
113 70
91 63
90 66
90 67
89 63
89 71
103 67
98 68
95 70
124 77
107 64
112 67
91 67
90 66
87 64
92 70
124 77
110 67
98 67
101 71
105 67
88 68
97 65
102 65
101 67
91 66
89 65
94 66
94 65
95 65
90 68
101 67
112 65
91 65
101 68
91 67
87 66
102 69
106 67
97 68
103 71
99 65
91 62
100 68
105 67
93 68
99 71
91 64
89 66
94 73
95 64
91 69
100 64
92 67
107 71
102 65
108 64
93 63
92 63
91 68
122 70
92 69
97 61
100 72
90 68
103 63
106 68
99 64
104 64
90 65
93 68
101 68
91 65
102 63
92 62
99 68
95 67
97 60
93 70
113 71
96 62
97 66
90 66
99 70
111 68
99 64
91 66
127 77
94 65
103 64
106 67
87 67
90 71
89 61
91 63
100 67
90 69
96 63
94 62
96 66
94 65
96 67
99 66
91 63
98 68
107 64
93 66
95 66
111 73
93 65
98 69
98 63
108 65
91 66
102 65
96 71
89 65
90 66
102 71
90 67
97 65
113 74
90 65
86 68
91 62
87 64
100 67
115 71
95 62
92 66
108 63
107 75
96 66
122 70
97 66
88 61
115 69
99 63
92 64
95 63
92 68
117 72
88 67
95 67
99 63
106 73
109 72
91 63
92 62
93 65
96 62
98 66
119 74
92 67
91 62
86 68
93 65
99 63
92 67
117 73
102 68
104 64
94 70
100 69
92 65
97 68
96 67
96 68
109 72
101 65
91 63
107 69
104 67
96 62
98 68
93 66
86 64
92 71
94 63
106 67
86 68
109 68
97 66
92 65
101 68
110 66
100 64
102 67
88 70
91 66
98 65
92 65
101 64
92 63
90 68
102 69
106 66
86 64
90 68
104 66
103 64
92 68
90 66
89 63
89 63
108 71
90 66
107 68
107 67
94 65
98 64
91 68
97 67
108 71
96 68
90 68
135 75
101 70
91 69
100 73
94 62
101 68
112 68
99 64
100 69
91 65
93 67
95 65
109 65
98 63
93 68
103 68
98 65
104 69
108 68
90 66
111 70
92 65
89 63
90 63
107 71
101 67
95 65
94 66
90 68
102 71
93 63
102 66
91 62
96 68
96 67
112 70
99 66
91 65
105 64
100 68
93 65
93 65
95 65
100 68
111 69
97 67
100 65
94 67
90 67
91 62
89 65
97 64
94 68
108 65
91 63
102 69
97 68
89 67
100 67
108 69
107 65
93 67
104 69
89 63
103 66
96 68
99 63
105 65
98 65
97 65
100 66
92 63
94 68
89 65
102 70
107 77
91 63
84 68
91 65
107 71
98 66
89 65
107 71
91 65
91 63
106 66
102 67
101 68
91 65
101 66
91 66
106 65
87 67
107 69
91 65
90 67
98 69
93 69
96 66
97 66
93 64
94 65
93 67
98 64
94 65
92 66
92 62
87 66
95 70
95 70
104 70
119 72
99 73
93 69
98 67
94 65
91 67
97 69
91 69
90 63
88 70
91 65
110 68
106 70
95 62
90 65
90 66
91 67
97 68
97 70
104 66
124 73
111 70
98 63
108 70
101 68
99 64
109 70
98 62
87 67
98 69
95 66
90 68
95 70
90 68
108 67
112 72
118 68
108 70
108 68
97 70
98 64
89 66
88 61
87 64
93 69
104 71
95 67
89 65
99 64
109 73
99 64
104 66
92 67
95 65
91 62
91 64
98 68
92 64
92 62
98 70
100 64
88 67
109 70
95 65
115 65
104 69
93 64
93 68
93 65
103 64
99 66
121 70
93 67
90 65
97 65
89 65
90 65
100 65
96 70
98 64
106 66
107 70
94 63
109 70
105 71
89 68
92 66
93 67
92 67
119 69
109 70
90 65
107 69
89 63
93 66
106 69
97 71
110 67
104 62
105 70
107 64
93 68
92 68
93 67
105 72
103 64
110 72
98 64
103 69
96 62
92 71
108 66
105 65
91 67
94 65
100 64
102 65
98 72
117 74
93 66
97 65
103 65
95 67
96 68
99 68
91 67
96 66
118 70
102 70
97 61
89 67
100 64
94 62
97 69
97 68
104 72
105 63
100 66
102 71
96 65
119 72
91 66
108 64
98 70
102 68
100 67
96 65
110 72
98 69
90 62
104 71
90 68
114 69
100 68
89 67
95 69
120 69
101 72
90 68
92 65
87 67
101 69
97 66
95 66
99 67
91 65
91 65
89 67
91 68
108 67
113 68
91 69
94 64
106 73
93 66
96 71
92 62
92 71
101 70
98 64
90 66
101 74
89 65
96 65
102 63
95 63
104 69
96 65
94 65
118 73
89 65
91 68
92 67
90 65
97 63
101 64
105 65
90 66
107 64
90 66
91 62
100 66
100 65
86 68
97 67
115 75
106 63
102 69
89 65
101 69
98 65
93 67
92 68
91 69
89 61
101 66
104 65
97 64
90 63
91 66
91 69
105 66
90 65
100 63
111 70
100 64
88 68
102 65
99 65
109 64
93 63
96 66
91 66
93 65
106 69
102 65
105 63
97 66
109 69
101 70
94 69
98 64
98 69
89 71
92 66
90 67
101 65
92 67
93 65
116 74
91 64
92 67
101 68
96 66
88 67
92 62
89 65
100 63
97 69
116 69
103 69
88 68
88 67
85 68
92 63
98 69
98 67
86 64
103 69
106 69
90 65
97 68
92 67
112 69
104 72
90 67
102 68
94 65
101 67
100 68
91 63
91 64
91 66
102 69
105 67
89 65
90 66
101 69
104 65
99 64
104 74
88 67
97 69
90 66
93 71
105 65
111 69
117 66
97 60
92 67
96 65
104 68
107 71
92 64
104 69
90 66
108 68
99 64
102 68
107 66
96 66
93 66
91 62
92 63
103 64
104 69
94 64
108 70
96 65
89 61
93 69
97 67
89 65
90 66
99 65
116 70
100 63
88 70
97 68
96 63
93 66
105 66
93 67
88 65
84 68
89 63
92 66
95 65
96 69
103 69
92 66
100 69
92 67
101 66
103 69
101 68
111 72
86 64
101 68
93 68
97 66
87 66
99 67
91 62
92 62
108 68
93 63
93 65
98 65
93 66
89 65
91 65
92 69
92 62
92 68
98 66
89 65
100 64
105 75
92 67
116 70
110 64
105 68
104 66
92 62
101 67
92 66
105 63
102 67
102 70
99 69
95 71
93 63
92 62
89 63
100 68
91 71
91 66
112 67
93 66
101 69
96 64
91 64
90 66
91 68
97 62
93 66
92 66
97 67
98 67
95 66
96 67
101 70
100 65
98 63
112 70
113 69
105 64
94 65
95 64
87 65
101 65
93 69
99 68
91 69
118 67
99 69
103 66
96 63
100 67
91 67
90 63
90 65
97 67
94 65
100 64
110 62
90 66
107 70
97 66
93 66
105 63
104 75
100 66
95 66
90 71
90 68
99 70
100 69
103 63
87 66
110 64
102 68
106 72
94 64
87 66
100 67
103 67
95 70
109 69
114 70
89 67
110 71
90 67
119 73
93 63
107 65
109 68
111 68
89 63
94 67
96 66
93 67
105 73
102 67
84 68
111 66
88 66
93 65
91 67
91 63
104 65
98 68
92 64
89 65
93 63
95 62
97 64
89 65
103 65
94 61
89 65
95 67
119 69
99 70
92 64
100 66
92 66
102 71
95 63
98 63
90 67
101 66
94 65
96 62
89 63
101 64
89 65
98 65
104 69
108 64
114 68
87 64
103 67
90 66
97 67
103 68
89 67
94 69
101 68
91 63
95 66
89 65
95 68
106 64
98 65
125 71
102 63
97 72
94 65
95 68
92 63
96 62
99 66
98 67
103 65
92 68
96 64
95 63
100 64
92 67
100 64
110 69
92 70
92 67
90 63
111 70
97 68
103 66
95 64
108 66
88 68
95 69
97 70
103 69
90 69
96 68
93 65
91 67
99 63
91 66
94 65
93 68
89 63
102 66
93 68
88 66
93 68
95 64
103 65
102 73
88 68
103 69
107 69
96 69
109 69
101 65
90 68
108 64
104 64
96 62
114 70
93 66
90 65
93 66
98 71
100 70
97 65
98 68
96 62
90 64
101 64
91 67
92 62
113 69
107 77
87 66
103 64
102 67
96 69
95 69
90 66
93 63
88 70
116 65
94 69
94 62
93 63
99 68
93 63
99 70
96 71
97 65
113 69
96 63
96 62
92 63
112 67
93 62
89 71
92 62
92 62
94 63
92 66
109 66
92 67
116 72
114 71
98 73
87 67
94 68
95 67
108 65
104 71
93 63
90 67
98 68
98 67
97 64
109 66
115 69
105 64
97 66
93 65
98 64
88 68
89 71
100 65
101 63
100 72
99 68
105 66
89 71
108 65
92 63
90 66
102 69
109 68
101 67
90 69
90 71
92 63
107 66
90 67
102 63
95 71
109 70
92 66
100 70
89 71
100 69
91 66
108 64
91 66
92 63
106 69
102 67
97 65
101 65
91 67
92 67
91 68
94 65
96 63
104 65
106 63
96 66
90 67
100 64
108 69
98 65
94 66
106 69
91 69
94 64
100 64
89 63
92 65
102 70
117 68
87 68
97 67
94 63
102 67
95 68
98 64
102 68
127 69
89 65
96 73
107 71
101 71
91 66
96 68
97 67
94 61
91 66
96 68
101 67
95 62
93 70
97 69
99 66
100 63
90 65
110 70
106 70
103 68
100 69
102 71
97 72
89 71
89 68
110 69
101 66
113 64
90 68
91 64
120 74
99 68
98 65
89 65
92 62
92 62
92 63
89 68
88 61
117 73
89 65
98 68
92 62
105 72
93 67
101 73
118 69
90 68
105 73
103 71
108 65
115 68
92 63
92 67
92 62
96 62
91 68
89 65
95 66
95 64
94 64
95 62
88 67
88 64
98 71
95 66
97 68
103 68
103 68
105 70
94 61
99 67
88 70
93 67
105 66
86 68
87 65
117 72
104 67
93 65
91 67
92 63
90 69
98 69
100 68
94 66
86 68
93 68
116 67
101 72
100 70
91 69
100 71
92 62
102 64
90 67
90 68
97 63
104 71
88 68
118 70
91 66
88 69
101 69
97 65
105 63
102 68
131 77
92 62
91 62
86 64
93 64
112 66
90 68
96 64
100 68
99 66
91 67
98 63
104 64
95 65
95 66
88 68
90 66
92 63
102 68
94 71
101 66
101 72
89 65
100 65
122 76
88 65
92 66
111 72
101 68
105 69
104 72
99 67
110 64
89 65
91 62
106 68
90 65
114 70
99 64
96 71
101 70
106 67
102 63
84 68
101 64
101 64
100 64
96 62
106 67
115 69
116 67
98 63
94 62
101 64
89 68
97 68
90 68
92 66
88 66
102 67
94 66
94 65
107 74
90 65
98 64
121 70
111 68
101 67
113 74
102 72
127 74
107 66
91 64
86 68
102 70
91 65
91 68
93 65
97 66
104 66
97 70
112 66
94 65
88 67
100 64
95 68
99 70
99 64
100 64
87 68
90 69
92 66
101 68
95 65
110 70
107 73
100 65
88 68
104 69
106 66
98 65
110 65
105 69
111 70
97 64
90 66
91 66
96 71
97 64
89 65
95 70
91 66
84 68
107 70
91 66
114 68
100 66
90 67
104 65
97 65
104 65
92 66
99 67
97 67
92 64
95 66
101 70
93 67
104 64
100 69
106 72
91 62
91 64
103 69
91 67
105 68
110 66
91 71
94 67
93 64
94 69
114 72
96 69
103 69
104 73
90 68
95 71
111 65
110 70
96 67
95 62
90 65
118 72
117 74
91 63
91 67
89 65
99 64
110 69
105 69
105 65
100 65
94 65
94 65
103 69
109 66
106 67
86 68
93 67
97 66
96 66
102 68
87 67
91 62
105 72
99 71
111 65
113 67
90 66
116 71
104 67
105 64
89 65
98 68
98 71
98 71
104 68
115 70
89 65
95 67
93 70
101 69
101 67
101 71
103 69
92 63
91 65
96 66
109 73
101 68
91 62
114 73
95 66
101 70
102 69
95 69
100 68
88 65
106 70
104 65
87 65
106 69
99 68
92 63
85 68
112 68
95 68
93 66
89 65
93 70
99 67
89 63
95 62
91 66
92 62
107 65
102 69
93 67
94 64
91 66
101 69
98 66
97 67
91 64
100 63
101 66
92 67
92 64
94 65
121 70
96 62
96 65
115 70
102 67
92 67
98 69
93 68
89 63
95 64
97 72
91 68
115 68
120 74
93 65
123 73
95 63
91 62
100 71
91 67
98 68
112 66
87 65
90 65
101 66
91 67
110 68
101 71
99 65
103 66
101 71
92 66
99 69
90 66
101 67
114 69
91 65
110 66
102 71
100 63
91 62
85 68
95 67
105 66
117 67
98 67
94 68
93 64
90 66
88 67
97 68
116 68
91 63
104 67
111 69
106 71
90 62
104 66
92 68
113 72
91 67
94 61
94 66
88 70
88 61
90 71
90 66
101 67
92 63
92 66
102 69
90 68
89 63
91 64
113 68
90 68
88 68
89 65
101 66
106 70
98 66
102 71
108 69
95 62
101 74
91 65
89 65
93 67
104 70
92 64
97 67
101 68
99 69
95 65
85 68
101 61
100 66
94 69
94 69
90 65
88 68
99 68
103 63
100 67
90 71
99 63
96 70
86 64
99 63
101 66
120 67
90 69
101 69
103 64
105 64
89 63
85 68
89 63
93 68
103 66
95 67
94 63
108 67
92 66
102 72
90 65
89 67
106 64
102 69
98 68
90 69
102 64
97 67
107 69
101 68
120 70
121 65
104 63
90 67
92 62
93 64
90 68
89 65
113 64
93 64
93 67
101 64
90 66
92 65
88 65
92 64
99 72
94 71
103 68
92 67
115 67
97 70
84 68
101 67
98 69
87 65
90 65
131 72
91 65
100 64
98 68
96 66
91 71
89 65
93 63
86 64
93 66
129 76
94 71
99 63
89 65
84 68
92 67
91 67
89 65
103 68
90 66
106 66
104 64
87 67
99 63
102 68
94 68
97 64
99 66
109 66
102 65
92 66
89 70
91 69
100 70
92 62
89 65
91 69
87 67
92 66
96 64
92 63
108 72
91 62
91 66
112 67
99 68
93 63
97 68
92 64
94 65
112 69
108 66
87 65
104 65
99 67
110 68
96 69
95 70
97 67
108 69
90 66
90 66
93 63
122 71
86 68
91 65
94 63
109 69
91 65
102 64
93 65
119 74
100 67
99 68
89 71
99 68
99 69
90 65
92 67
94 65
108 64
93 64
92 62
102 67
97 68
107 65
98 63
90 66
92 62
114 74
96 65
101 64
97 71
113 67
95 70
98 64
92 67
101 73
94 65
98 67
102 66
106 72
93 68
95 63
84 68
97 64
101 69
94 67
93 66
92 62
91 71
104 66
84 68
101 71
106 66
89 65
96 69
98 67
96 66
96 67
103 63
104 63
97 67
103 65
97 61
95 64
92 71
89 65
91 65
99 67
98 67
93 67
114 70
95 62
94 65
91 65
98 65
86 64
92 69
99 74
101 72
93 69
92 67
90 66
100 71
85 68
109 71
104 64
97 68
100 67
93 63
93 65
104 69
99 67
96 62
93 63
100 69
89 66
97 60
110 64
91 65
107 69
92 62
100 65
91 66
100 65
102 71
103 69
91 66
92 65
97 67
89 65
97 64
88 70
91 66
116 72
102 69
92 62
89 65
108 66
93 67
113 72
97 73
92 63
91 67
87 65
103 69
96 69
89 65
98 65
90 68
110 67
111 70
93 69
88 67
104 71
117 68
100 72
92 66
89 65
96 70
100 64
94 62
99 67
109 73
96 63
93 66
103 65
111 65
96 66
96 66
91 65
91 62
98 67
99 71
101 63
92 64
109 72
94 66
93 66
88 68
97 68
105 73
89 61
92 63
90 65
104 66
90 65
90 64
87 68
107 75
110 68
91 69
99 70
92 66
107 63
99 72
89 65
100 67
110 72
95 70
110 74
95 62
97 67
91 71
105 67
91 66
100 67
92 62
93 68
97 67
93 67
93 67
98 67
98 63
97 68
101 64
115 71
96 68
93 66
96 66
90 65
101 64
93 65
92 66
89 68
107 70
88 67
110 67
99 70
99 67
94 68
91 62
109 72
91 65
122 74
93 67
106 67
114 66
98 64
103 66
99 64
114 65
96 65
97 65
110 69
91 65
99 70
93 64
90 66
96 62
99 64
123 71
101 68
106 67
101 68
113 72
90 65
92 62
94 72
93 70
91 65
93 67
98 65
114 72
120 66
112 73
93 68
103 69
89 65
100 64
104 64
92 67
109 65
101 66
124 69
106 75
84 68
102 66
107 68
91 65
93 66
89 65
92 66
89 65
91 66
127 69
90 69
94 72
102 65
96 62
105 69
89 63
95 65
85 68
102 73
101 66
110 72
91 69
101 66
100 65
97 69
97 68
84 68
102 72
92 65
97 64
86 68
116 65
96 66
103 74
93 70
98 67
95 69
97 61
94 65
91 64
102 71
97 65
94 71
100 67
93 71
97 73
99 64
94 67
129 75
98 65
91 67
93 66
86 69
92 66
90 70
98 65
122 74
90 66
89 67
110 67
101 63
93 65
101 68
91 66
96 65
96 62
91 62
96 71
92 67
89 65
90 66
90 68
105 76
92 68
89 65
97 67
103 65
97 68
91 69
91 67
105 66
101 61
94 66
89 68
93 66
100 65
89 71
105 69
95 62
91 65
109 68
93 64
96 70
100 64
95 64
95 67
107 64
98 68
108 73
90 72
100 63
92 69
92 65
90 69
107 69
101 64
114 68
91 69
104 67
90 67
92 67
92 67
99 65
114 76
86 64
89 70
105 65
94 71
96 66
104 70
102 70
99 67
106 70
101 64
93 64
93 70
111 69
87 68
101 65
117 71
99 63
107 68
94 65
108 67
106 65
92 67
101 72
97 68
103 69
101 64
88 68
92 70
100 67
95 62
98 67
102 65
91 66
108 65
91 64
101 70
96 64
100 68
87 65
100 71
98 65
96 65
90 68
98 63
100 64
99 68
96 62
111 73
100 68
104 66
89 63
90 66
108 67
88 61
84 68
99 65
89 65
113 71
101 63
90 66
104 66
101 63
91 65
93 71
96 70
97 68
103 63
89 71
91 67
101 64
105 63
105 65
104 70
94 63
106 65
90 71
111 70
92 62
91 66
117 68
94 65
96 67
97 64
96 63
106 70
90 69
97 69
94 63
114 71
107 70
92 67
113 70
100 66
100 69
90 65
103 63
109 69
87 64
92 62
91 62
97 68
96 62
109 69
93 65
104 69
89 71
90 65
101 67
87 67
113 69
107 66
95 67
96 69
90 65
102 64
101 66
116 70
108 65
91 65
95 63
93 67
94 71
102 63
102 70
88 61
94 67
105 70
100 68
103 66
90 65
113 68
92 63
108 71
98 68
100 68
93 69
97 67
97 68
101 68
109 74
88 67
93 69
92 67
96 68
91 67
103 69
108 64
111 68
92 67
106 73
105 64
96 70
94 65
94 63
87 66
100 69
99 67
91 68
98 68
93 65
123 75
115 68
100 64
105 69
97 66
103 67
91 65
99 63
91 66
103 65
98 67
96 65
90 68
118 75
89 67
93 65
93 67
95 67
98 65
108 68
99 69
92 66
99 68
90 69
124 72
103 67
95 71
87 66
94 63
94 71
99 69
96 68
99 69
89 71
88 68
89 67
92 68
94 67
97 63
97 63
95 64
86 68
95 67
86 64
92 62
96 66
95 70
95 63
107 67
101 68
102 69
92 66
97 68
101 69
91 67
97 64
92 66
90 66
90 68
87 65
93 68
116 70
103 69
97 68
91 62
98 68
98 63
91 63
102 68
88 61
114 70
123 74
100 69
114 73
103 72
89 65
89 63
98 67
98 67
86 68
95 70
90 67
84 68
99 62
88 70
108 63
100 69
116 72
98 69
93 66
95 65
100 68
92 67
90 65
114 75
97 66
103 68
106 72
96 62
91 66
90 68
102 69
102 68
94 62
93 67
100 66
100 66
102 65
101 65
97 68
106 63
101 66
91 68
91 63
102 67
105 66
94 65
94 68
93 63
86 64
91 63
116 71
139 74
100 66
96 65
113 65
91 67
92 69
101 61
110 59
84 68
89 65
104 66
97 66
89 71
90 66
99 64
99 68
96 66
92 62
112 67
100 67
93 69
97 67
92 65
92 68
105 65
114 69
88 61
91 71
93 65
111 68
101 64
101 67
91 65
104 66
90 67
89 71
91 67
95 69
98 69
95 63
115 63
96 67
127 78
101 69
105 67
103 67
107 62
103 68
95 65
92 67
101 65
93 67
102 66
89 68
107 68
102 66
89 61
108 63
95 63
104 65
91 66
113 67
102 70
117 71
97 66
97 68
95 66
90 68
99 65
101 69
92 64
112 71
94 69
114 68
97 65
87 65
102 66
91 64
90 67
101 66
97 67
97 66
90 66
99 70
121 73
90 70
99 67
105 67
94 68
98 68
111 70
95 63
91 65
87 65
107 65
91 68
106 68
98 67
96 74
94 65
115 74
112 68
93 67
108 69
95 65
89 65
101 65
90 65
92 62
88 68
96 62
94 69
99 67
109 69
90 66
91 69
93 65
87 66
99 70
101 71
103 68
102 67
86 68
89 65
93 65
105 68
127 73
99 65
103 70
88 67
97 65
93 68
98 65
103 66
109 70
95 67
91 65
104 72
106 62
97 64
91 65
84 68
104 67
91 67
87 65
101 62
91 62
89 65
101 68
97 71
88 64
109 67
105 65
110 70
99 66
115 75
90 62
89 71
94 61
89 65
90 71
98 66
97 69
100 67
95 66
91 64
106 70
91 68
86 68
101 67
88 68
104 63
105 70
105 63
101 69
112 70
106 64
102 69
101 69
97 67
97 68
90 69
97 63
90 67
92 68
102 68
92 66
84 68
102 66
98 65
91 66
91 64
116 73
96 69
111 72
89 67
91 65
100 71
107 69
90 71
93 63
89 63
95 62
108 74
90 66
98 67
105 71
91 67
94 65
92 65
89 63
95 67
90 67
87 67
116 73
88 66
103 71
85 68
97 67
102 65
102 66
92 62
112 70
98 65
91 70
92 69
92 63
100 68
91 66
92 66
115 70
89 65
103 64
110 68
90 69
89 63
95 67
90 66
105 64
90 66
91 62
92 67
91 70
92 65
105 67
91 69
91 67
89 68
103 66
101 64
102 68
100 73
108 64
94 68
99 65
93 67
97 65
92 66
101 70
91 64
98 66
95 70
99 64
108 68
115 66
91 68
102 72
91 62
99 72
107 68
91 62
127 70
90 68
87 66
101 67
106 74
101 66
110 67
98 66
102 68
106 62
102 63
105 65
97 65
92 63
89 67
94 66
107 67
93 68
89 65
90 65
91 66
93 65
91 69
97 66
100 64
97 60
99 63
89 65
98 63
94 69
100 66
88 61
91 66
101 65
98 69
109 71
104 66
96 71
97 64
110 69
89 65
89 65
95 66
92 66
100 65
95 68
87 65
88 66
95 70
100 65
98 69
91 67
90 65
94 63
92 62
105 69
86 64
93 66
99 67
84 68
88 61
97 68
101 68
97 65
101 65
92 72
92 66
107 65
92 66
91 62
100 64
97 71
92 64
99 68
97 67
101 71
96 66
99 69
107 72
92 62
101 68
89 63
109 64
115 68
87 67
101 66
111 75
91 66
90 66
97 66
106 65
101 69
97 68
97 68
103 70
104 64
93 67
92 67
92 66
108 64
98 69
108 67
100 63
97 66
101 65
91 68
97 67
91 66
103 69
98 62
102 71
89 65
89 63
107 70
98 63
95 70
118 69
92 66
92 66
110 65
90 65
95 68
109 71
103 69
115 75
114 70
93 68
93 63
90 68
95 65
87 65
90 65
103 71
96 65
90 65
107 66
92 63
97 69
90 66
97 68
110 68
91 65
97 68
100 62
90 67
117 76
93 64
92 68
101 69
91 66
98 63
89 71
99 69
93 67
90 65
95 63
92 64
91 67
91 65
89 68
105 65
99 65
90 69
103 67
90 71
94 65
103 72
90 65
92 66
93 65
90 66
99 67
86 64
105 65
98 67
105 67
94 66
92 64
99 66
84 68
101 67
105 63
99 66
87 66
90 66
93 66
101 69
97 67
90 68
106 64
89 65
97 67
90 66
101 65
98 68
96 67
90 65
84 68
91 65
95 63
100 66
86 64
93 63
87 65
85 68
102 69
99 64
97 66
87 65
100 70
96 65
115 72
87 66
96 66
103 70
96 68
103 64
112 68
99 62
94 62
108 67
92 63
112 74
93 66
99 65
89 65
97 71
92 62
94 65
104 70
90 65
100 66
98 67
100 66
87 64
93 65
93 67
101 64
86 64
92 68
101 68
92 67
92 64
90 67
96 62
109 66
100 66
108 68
91 63
95 62
97 68
101 65
102 66
91 62
90 66
103 70
89 71
101 64
101 65
109 71
96 68
90 71
106 62
90 63
91 66
95 67
100 64
95 67
111 70
96 66
101 68
102 66
107 73
99 68
91 62
93 65
100 66
101 64
102 72
108 67
122 73
92 67
97 65
111 68
89 65
101 64
92 67
106 66
97 63
97 65
104 66
89 67
112 72
92 64
106 63
104 65
103 70
93 70
92 65
95 67
90 66
94 68
92 62
90 67
111 68
112 70
99 71
95 63
96 62
92 66
99 64
95 66
106 66
92 67
102 65
97 68
88 68
97 65
97 69
91 64
93 63
90 65
96 63
93 63
96 62
101 67
97 67
112 68
89 65
94 64
95 70
91 66
97 63
103 69
102 62
106 70
99 66
90 68
91 65
91 68
96 62
92 67
93 65
98 66
93 64
99 65
96 62
100 64
114 68
101 62
92 67
88 64
84 68
97 63
112 67
110 70
100 64
90 69
121 67
103 69
96 70
91 67
114 68
92 70
89 71
89 65
106 68
93 67
91 65
104 68
122 75
102 68
100 63
99 65
87 66
103 69
92 66
97 61
105 71
90 66
89 68
116 70
91 67
102 69
98 68
101 66
91 67
107 66
93 68
101 66
87 65
92 67
124 75
109 69
105 72
87 65
91 63
117 69
100 66
104 67
91 62
97 71
106 66
89 65
93 66
113 69
94 65
90 68
91 68
101 69
90 67
100 64
93 68
99 63
91 64
93 67
93 66
97 71
89 68
101 64
93 65
90 66
119 70
96 68
99 65
97 66
100 66
92 67
98 68
94 65
110 67
124 74
87 66
90 67
89 71
93 63
116 66
98 67
93 63
108 71
91 62
94 65
95 68
106 66
95 63
98 65
109 67
98 69
99 67
119 73
97 70
93 67
88 66
101 68
101 66
119 70
113 71
90 66
107 70
99 74
89 65
92 65
110 67
91 65
93 66
92 65
92 66
99 74
117 67
105 62
92 66
97 69
89 71
93 67
93 68
91 69
100 67
100 64
125 71
89 63
93 67
88 68
85 68
91 62
93 64
99 70
90 68
103 66
97 64
102 67
89 71
90 67
91 62
97 65
116 65
92 66
114 66
118 71
96 67
92 66
95 65
104 69
90 66
89 67
91 67
89 68
103 67
89 65
91 71
90 67
120 70
93 72
97 68
93 68
99 67
108 68
89 71
102 69
116 73
87 68
102 63
103 63
107 71
86 68
91 67
102 70
103 68
106 68
91 65
104 68
101 71
97 68
105 64
99 69
94 66
104 68
89 70
92 62
91 64
94 65
101 64
98 64
99 66
114 70
98 67
91 68
111 72
103 72
90 69
105 65
103 69
98 67
96 67
96 63
91 66
91 62
94 70
102 66
96 68
90 67
107 66
101 64
106 65
98 69
88 68
105 66
116 72
103 63
97 66
87 67
98 67
89 65
100 65
101 72
99 64
84 68
96 69
89 65
101 66
92 71
89 65
90 68
93 69
93 64
86 64
107 71
92 63
106 67
109 68
112 70
92 69
101 66
94 63
86 64
106 75
103 74
118 70
93 67
105 71
93 66
94 62
112 72
92 69
113 72
91 70
109 66
92 63
88 66
97 65
102 66
93 66
93 66
101 65
121 69
92 69
118 73
101 71
98 68
96 68
90 67
91 65
100 64
91 64
89 65
107 65
106 66
102 68
116 74
106 69
98 64
103 67
94 62
100 66
107 67
108 66
106 71
100 63
118 67
101 66
94 69
92 62
92 65
104 63
90 66
89 71
91 66
101 69
87 66
89 65
98 67
100 69
91 67
87 67
94 63
93 65
112 67
90 70
97 64
100 64
95 65
87 65
86 69
90 68
103 71
95 63
91 64
90 68
97 67
100 69
93 70
88 61
92 66
111 66
95 66
92 62
97 65
90 65
103 67
90 67
90 65
92 66
93 66
102 66
100 70
118 69
89 65
96 64
102 66
107 67
87 65
93 68
91 65
87 66
121 70
103 64
92 63
92 62
102 65
97 66
93 65
114 73
90 65
90 65
96 65
92 67
89 71
99 64
84 68
86 64
101 64
90 66
97 69
98 66
95 62
94 65
92 63
107 71
97 65
91 68
92 66
87 65
104 69
98 67
104 69
107 70
104 74
98 68
93 66
92 64
91 67
90 66
97 65
103 65
120 68
90 68
99 65
103 63
93 65
89 71
93 67
92 67
117 70
90 66
95 71
94 70
91 67
101 68
90 67
100 69
121 71
99 67
108 65
89 63
126 69
97 68
93 65
93 65
88 67
92 67
100 66
92 68
89 65
103 72
98 67
109 67
114 68
92 66
102 72
114 68
91 67
92 66
87 67
98 67
97 68
95 66
92 62
115 70
102 68
105 64
93 68
95 70
114 70
107 69
93 63
101 64
92 69
87 66
111 74
95 67
108 74
90 67
92 65
109 71
87 67
99 68
105 68
102 69
107 71
97 63
94 65
91 66
96 65
89 65
103 68
86 68
118 69
92 64
92 68
95 65
92 62
91 65
89 71
100 67
89 63
98 71
103 68
94 65
108 65
89 63
97 64
90 66
96 71
94 71
107 69
91 66
113 70
109 70
100 71
102 75
92 66
100 71
103 67
101 67
92 69
89 63
103 69
102 65
136 80
89 67
90 66
92 67
97 65
94 65
106 64
90 66
106 65
94 65
110 64
92 67
84 68
107 72
85 68
95 70
99 70
109 68
97 65
88 66
89 65
98 67
102 67
106 73
104 67
94 72
109 71
94 71
109 71
99 72
89 68
94 64
122 74
91 65
94 68
93 68
102 73
103 69
97 68
101 63
96 66
97 65
100 68
91 66
91 66
109 66
94 62
104 68
95 64
114 73
96 67
96 64
94 68
91 68
92 62
101 68
103 68
89 63
108 66
106 67
86 64
105 67
105 65
95 70
89 65
94 65
99 65
102 67
96 66
92 62
109 71
94 63
97 69
88 67
97 64
99 66
112 71
102 66
115 67
110 68
86 68
89 71
92 63
94 68
86 64
119 67
93 64
94 62
115 68
96 69
91 68
99 70
90 66
96 64
90 68
95 67
101 63
90 66
93 69
105 65
119 71
100 69
107 69
101 66
92 69
89 70
104 65
114 64
103 69
106 66
110 69
91 63
92 63
105 64
97 68
95 64
100 67
84 68
100 69
106 68
113 67
94 68
105 68
91 62
100 68
97 66
92 65
107 68
112 67
94 66
101 64
89 65
93 69
111 77
93 69
96 63
105 64
91 66
105 67
97 65
93 63
90 67
93 69
86 64
94 65
119 66
97 67
93 65
84 68
106 67
87 64
94 65
88 61
101 67
107 70
104 68
93 64
89 63
100 67
89 71
119 71
92 66
92 68
100 66
102 68
107 69
91 69
96 68
93 65
92 62
107 65
94 65
101 67
101 69
89 63
99 68
90 66
93 65
94 69
103 66
100 69
102 71
102 68
111 72
99 73
101 66
105 70
108 73
101 67
89 61
91 69
99 68
89 65
94 61
92 63
106 67
100 67
88 67
101 72
92 66
97 66
102 68
91 68
102 67
101 63
92 68
93 67
103 70
84 68
105 68
96 69
109 65
93 67
97 69
104 71
95 65
89 68
114 69
94 63
93 67
100 68
91 62
91 68
93 66
106 70
115 71
88 64
105 67
95 69
97 65
89 65
113 69
106 63
96 68
102 66
103 72
92 65
100 70
93 69
89 71
96 62
101 73
99 74
97 68
94 65
101 66
94 71
90 66
109 68
100 70
90 67
92 67
96 67
95 63
97 66
95 70
93 66
115 66
105 69
91 67
112 67
104 71
100 64
98 69
99 65
91 65
91 62
92 63
91 67
115 70
100 67
88 68
98 66
104 67
88 65
102 66
93 66
113 71
89 65
87 66
92 67
118 73
91 69
90 66
115 68
93 67
91 66
100 65
100 61
92 62
95 63
87 65
90 66
108 66
103 71
92 67
97 64
100 65
91 62
107 68
97 67
92 62
96 63
88 70
107 66
117 71
102 64
89 71
98 65
94 68
100 68
88 70
90 66
103 70
89 65
89 65
92 67
96 66
110 63
93 65
103 64
90 68
97 67
89 65
99 64
93 65
107 68
104 66
109 68
100 66
93 67
89 63
100 71
93 66
87 65
89 61
91 68
99 69
89 65
101 66
100 69
98 63
90 71
96 71
102 71
97 65
107 63
101 68
96 65
88 68
91 64
89 65
89 65
98 63
96 62
92 67
96 65
114 73
93 65
104 64
102 67
105 72
101 68
98 63
99 68
92 66
100 71
95 63
98 66
87 66
103 65
109 71
93 67
96 63
114 72
97 64
91 67
124 77
99 65
92 62
97 68
100 68
107 69
100 66
107 68
97 61
89 65
99 68
88 65
93 71
98 71
87 65
90 66
90 66
92 67
87 66
89 65
102 69
92 63
100 66
100 67
111 75
97 64
101 65
99 70
111 67
103 69
94 71
97 63
110 71
89 65
98 72
95 64
90 66
90 65
97 66
109 68
92 72
93 65
94 71
97 73
89 71
95 67
107 69
92 66
122 70
93 64
101 73
123 75
110 74
99 64
120 70
94 72
89 65
105 67
99 67
110 65
109 70
102 65
94 70
106 70
96 68
91 72
91 65
87 66
112 77
97 68
100 66
99 63
98 69
104 73
101 65
104 71
90 66
91 71
94 64
107 71
110 73
100 65
93 73
101 66
104 73
90 65
94 62
92 67
90 67
112 69
112 69
92 66
96 71
107 66
96 62
107 67
96 67
88 64
100 66
91 67
113 68
92 66
105 72
93 68
91 63
104 66
87 65
100 66
102 67
106 64
93 68
105 62
96 68
99 68
96 65
100 67
118 68
100 69
105 67
89 68
98 63
88 67
89 71
104 73
93 65
95 71
92 66
91 65
99 71
87 67
116 72
102 67
92 63
94 65
107 72
100 69
94 68
94 71
102 69
108 67
92 65
107 66
92 64
97 66
101 67
99 64
106 70
84 68
87 65
93 65
96 64
89 65
92 66
89 61
99 71
112 64
89 65
103 70
105 67
99 68
102 66
115 73
94 64
91 67
97 64
95 69
88 70
86 69
94 69
100 64
117 71
117 74
91 66
98 64
89 65
98 67
92 68
94 69
90 68
90 65
118 69
100 68
93 68
90 68
86 64
94 65
93 71
103 65
98 64
89 65
121 74
98 66
86 64
108 66
93 65
89 67
95 69
114 69
88 66
91 64
97 63
100 64
116 71
92 67
91 71
91 69
92 62
98 69
114 69
96 64
94 63
111 68
104 72
91 62
89 71
88 66
95 64
97 64
101 73
104 70
91 62
93 68
102 64
89 65
95 67
89 65
97 65
101 67
115 68
93 66
97 67
90 66
104 64
89 65
89 67
104 65
106 69
95 68
97 65
87 66
92 63
94 63
101 66
91 62
92 70
92 67
102 65
107 66
91 65
122 70
88 70
106 65
92 66
100 64
103 67
98 66
101 64
90 65
91 67
105 65
106 70
98 66
89 71
96 69
111 68
89 68
96 63
108 68
103 69
98 68
98 68
93 63
92 67
90 71
88 65
97 65
90 71
106 63
94 67
91 69
89 65
87 65
93 65
93 70
115 69
101 68
101 66
98 65
103 66
90 68
101 68
102 69
89 68
103 68
93 67
84 68
96 69
102 69
118 70
98 64
91 67
94 65
105 68
91 67
101 68
108 67
107 64
96 68
92 64
93 63
108 69
115 69
92 71
105 69
96 67
100 67
91 63
89 71
108 67
102 68
93 72
97 68
103 66
95 63
108 70
91 68
92 66
109 68
89 68
92 71
97 68
87 65
91 62
86 64
89 63
98 67
98 66
91 63
92 69
109 72
90 67
104 71
92 67
119 66
110 70
111 73
96 66
104 63
90 66
109 68
89 65
97 72
89 71
101 73
117 71
105 64
124 69
105 70
106 68
89 63
101 65
90 71
96 70
97 69
92 62
94 65
98 63
84 68
89 63
89 65
93 66
89 65
93 72
97 62
106 70
101 70
91 68
107 66
98 64
90 66
102 69
89 63
97 72
91 72
91 67
91 66
96 63
90 63
90 66
91 62
90 67
95 69
95 65
91 66
107 69
110 66
99 63
88 67
102 68
109 68
93 65
100 68
99 64
95 66
101 65
97 69
98 64
105 65
112 69
106 70
87 65
100 74
89 65
87 66
103 62
114 67
104 68
110 69
90 67
106 67
99 67
106 68
92 66
95 64
99 67
92 68
106 71
101 73
100 65
91 68
106 67
93 65
102 70
97 67
93 63
99 66
92 62
95 63
90 67
97 63
92 67
124 73
90 64
92 63
115 68
103 68
93 67
98 70
92 62
95 70
99 63
103 67
93 65
97 62
103 68
93 66
110 72
91 63
106 70
90 65
95 68
102 65
89 65
102 66
98 69
102 69
96 70
92 67
88 68
92 66
98 69
91 65
98 64
96 71
89 71
99 73
102 63
105 67
100 70
95 70
86 69
91 68
89 65
101 67
96 68
98 69
88 70
102 72
110 69
90 65
89 65
90 66
99 63
100 64
105 69
107 65
97 66
101 64
97 65
94 71
101 68
90 66
98 67
98 66
102 64
107 67
86 64
116 74
90 68
84 68
87 65
101 69
93 67
111 68
97 61
100 67
103 68
106 67
89 65
100 71
91 69
89 71
89 65
99 71
103 73
86 64
92 62
108 69
100 72
94 65
99 67
92 65
89 65
96 66
96 65
93 65
105 67
94 63
106 65
100 66
92 66
111 73
96 72
98 66
91 66
97 64
91 68
91 62
103 67
127 70
92 66
96 68
100 68
93 63
110 70
100 66
108 70
104 68
111 70
107 71
101 64
92 64
96 66
93 65
102 68
94 65
90 67
91 64
87 68
107 67
89 65
106 68
104 74
95 65
90 66
99 71
98 64
108 69
90 66
89 67
94 65
98 73
88 70
98 68
97 67
105 66
107 69
90 63
91 66
115 71
91 65
106 71
117 73
99 68
108 69
99 64
90 66
89 71
87 67
100 64
89 71
96 69
97 75
107 66
107 69
103 73
96 68
92 70
98 67
89 65
113 68
86 68
90 63
89 65
107 70
96 72
101 69
106 63
87 66
95 63
99 68
99 72
92 66
102 64
97 64
93 67
105 69
92 62
100 65
87 65
106 71
101 71
96 71
104 67
95 63
102 64
96 68
97 61
106 70
92 67
108 65
98 64
96 68
103 68
90 67
93 66
105 68
90 69
106 65
93 67
102 66
105 70
106 68
92 62
97 68
97 67
98 67
106 66
101 63
110 66
96 63
99 69
96 69
104 67
84 68
90 65
104 71
98 68
90 67
91 62
89 65
89 63
101 62
93 65
116 63
94 61
95 67
87 67
96 69
108 70
109 73
97 66
86 69
90 66
105 69
98 63
93 63
93 64
89 65
99 64
98 64
94 65
112 74
96 69
90 65
97 72
91 67
90 66
103 66
91 65
92 66
89 70
105 65
110 71
96 68
101 69
102 68
90 66
110 73
92 63
92 67
101 70
99 67
90 62
90 65
87 66
113 69
106 64
101 73
89 65
93 65
88 68
97 66
98 69
96 67
109 67
110 66
107 77
103 65
92 66
101 69
98 66
87 64
93 66
101 67
105 66
84 68
90 67
99 62
86 64
107 71
115 73
96 66
92 65
84 68
99 65
87 67
92 62
90 65
101 65
89 63
94 65
93 67
101 65
91 66
89 65
99 67
100 70
107 63
98 71
95 66
91 67
94 67
100 66
106 65
97 69
97 69
112 70
103 66
89 65
94 65
91 66
89 71
97 66
97 68
101 65
110 62
132 77
123 78
100 70
95 68
95 65
108 70
89 70
100 64
109 71
96 69
94 61
96 67
98 68
95 70
107 69
91 62
91 62
99 67
106 66
92 63
95 63
90 65
92 62
96 67
88 61
89 67
98 70
92 65
100 66
112 68
91 65
105 63
101 69
100 65
108 70
96 65
93 67
98 65
101 70
88 61
90 71
84 68
93 68
101 71
99 67
97 68
89 65
94 61
90 66
97 64
111 64
112 68
114 69
97 64
96 69
93 67
92 65
102 64
111 66
108 68
99 64
110 68
102 66
91 67
89 71
93 65
111 68
97 68
93 71
93 67
97 68
90 68
92 64
101 67
105 67
96 62
92 63
106 68
105 70
93 63
92 66
100 66
90 67
100 74
93 63
92 67
89 65
111 72
100 68
102 72
106 67
98 68
94 66
96 68
94 65
93 70
111 68
93 71
110 67
95 72
116 68
94 64
93 68
103 66
107 70
92 63
102 68
88 66
106 64
99 69
97 72
93 69
110 68
96 68
115 69
89 65
95 71
119 74
95 63
109 71
101 68
101 70
104 71
131 72
93 65
96 67
112 70
87 67
99 70
95 64
102 63
104 70
105 67
95 63
106 66
94 61
98 65
102 70
106 66
90 66
98 66
96 64
97 65
115 71
106 66
89 67
101 68
90 66
97 67
96 64
96 67
92 67
94 64
100 63
92 62
95 70
97 70
98 67
122 68
92 66
112 68
94 72
91 69
98 69
121 69
89 63
117 66
92 62
113 66
97 68
105 65
111 65
98 66
100 64
99 70
103 63
90 68
92 63
95 70
104 64
98 64
109 64
91 62
99 67
99 70
103 68
98 65
104 65
90 66
90 66
94 68
92 67
101 65
92 71
89 65
92 70
94 71
91 65
128 69
94 66
97 67
90 67
92 70
96 66
100 64
107 67
92 62
97 64
89 65
106 66
104 69
87 66
99 67
93 63
90 69
119 72
101 64
109 72
93 72
92 71
86 64
112 68
90 68
104 69
107 66
113 66
95 66
92 66
107 69
93 63
107 72
96 66
100 66
92 67
92 67
96 72
95 65
91 62
115 78
102 65
94 65
101 64
90 67
89 66
100 74
105 64
88 65
92 63
106 73
90 65
92 64
89 71
99 74
92 66
92 64
92 63
98 66
97 68
104 72
92 66
86 64
89 65
96 66
87 66
84 68
91 62
95 70
92 65
90 66
115 67
92 66
99 72
97 69
102 70
88 67
91 66
101 69
97 68
91 62
95 65
95 66
89 65
110 69
88 70
91 65
89 65
109 69
89 65
89 68
99 64
91 65
93 65
114 68
96 66
91 62
106 70
103 65
94 65
103 71
100 69
115 74
96 66
92 66
93 67
103 67
91 66
88 65
93 65
100 66
103 69
90 68
99 63
97 66
107 67
97 71
94 65
92 66
104 71
96 67
90 63
87 66
91 67
103 67
89 63
100 63
103 68
90 66
98 69
90 67
117 69
100 61
102 72
105 69
107 70
92 67
109 64
90 65
105 66
96 62
92 62
91 62
97 65
92 65
88 61
97 61
90 66
89 68
92 67
95 66
99 67
98 73
99 68
107 67
95 67
102 66
105 66
101 68
97 65
89 63
88 70
118 72
89 67
116 65
119 73
103 68
94 63
92 67
101 68
92 64
85 68
103 67
108 67
96 68
100 68
92 67
104 65
112 63
104 69
107 68
99 70
87 65
96 68
101 71
114 72
100 66
106 64
95 64
108 73
99 68
99 70
102 66
88 61
87 66
96 67
101 67
93 69
94 64
95 70
91 69
109 68
114 70
88 70
92 65
89 71
97 62
91 66
89 65
108 67
118 69
99 69
105 70
104 65
104 68
92 63
103 72
115 66
96 62
111 70
90 65
90 62
99 67
92 70
102 63
96 66
94 66
97 65
98 69
90 71
98 73
120 66
114 77
90 65
97 67
86 64
91 64
98 62
84 68
101 68
96 67
109 68
87 67
84 68
92 62
100 68
99 69
96 64
92 62
109 74
101 66
105 72
105 66
94 69
91 62
102 67
97 69
101 68
99 67
111 69
98 63
104 67
92 67
94 64
90 71
98 71
102 72
94 62
101 68
112 70
103 63
90 65
106 67
96 66
90 66
96 64
90 68
88 67
90 66
94 62
91 65
105 66
103 68
93 69
88 68
99 69
97 68
97 67
90 70
106 68
96 67
84 68
100 64
102 72
95 66
97 65
97 68
100 64
89 63
92 65
94 66
102 66
101 67
89 65
100 69
102 67
96 67
107 69
107 68
89 71
105 64
87 65
107 70
92 71
94 66
103 64
91 62
97 65
102 68
101 64
101 65
100 65
94 71
92 70
105 67
95 70
99 67
90 66
90 66
112 68
100 65
90 71
90 69
96 67
102 69
106 69
110 64
102 66
98 68
101 72
107 67
114 70
96 62
93 71
91 66
102 63
103 64
103 68
100 66
116 73
105 68
90 67
97 68
104 70
95 70
99 65
101 67
102 67
90 65
117 69
89 63
91 66
95 67
90 67
90 66
102 63
91 64
91 62
94 69
90 66
97 66
87 67
89 68
90 67
109 63
89 65
99 64
91 66
91 68
92 62
98 69
102 72
93 66
92 62
98 68
96 69
105 66
100 64
98 63
89 65
93 68
91 62
103 65
88 64
91 68
102 68
96 65
88 68
115 65
99 68
87 65
102 67
86 68
98 67
89 63
102 63
100 69
101 68
97 66
102 66
111 64
103 65
94 61
99 66
97 67
105 69
103 71
85 68
105 65
95 68
99 67
102 69
95 70
101 70
103 65
104 69
95 72
104 64
93 65
91 66
93 68
89 65
91 66
100 70
97 66
84 68
102 66
106 67
107 65
89 65
100 64
91 68
97 67
97 65
101 73
93 65
101 69
116 68
106 72
105 65
99 66
90 66
98 65
94 65
101 64
103 67
96 63
110 69
112 69
106 72
88 70
90 66
84 68
106 67
100 64
96 67
105 63
101 68
90 63
94 65
98 66
103 67
92 66
88 67
94 65
106 68
99 63
105 66
94 62
89 71
108 66
100 68
102 65
87 67
92 67
100 68
89 65
104 71
95 66
90 67
110 70
102 64
96 64
92 69
105 70
97 68
95 66
105 69
92 62
92 67
99 65
95 62
98 69
100 67
96 66
101 70
96 68
110 70
92 63
98 70
109 65
92 71
104 71
107 72
93 67
99 63
102 66
109 66
91 63
86 68
102 68
90 65
100 64
96 62
97 65
101 66
91 69
90 68
106 63
109 74
111 70
92 67
86 64
89 63
97 71
90 68
91 65
92 66
99 74
102 65
105 69
93 66
97 70
98 64
104 70
98 64
87 66
92 66
102 65
92 67
93 65
90 68
116 71
91 64
97 71
116 71
96 66
106 67
99 67
104 65
89 63
95 70
108 69
92 65
84 68
118 70
92 66
92 62
97 66
107 67
119 72
99 64
101 67
96 62
98 68
97 68
101 66
100 67
89 71
96 71
91 62
124 72
116 69
92 67
91 68
102 68
93 62
92 68
89 71
92 66
87 66
93 65
115 67
92 66
104 70
106 70
101 68
99 66
92 67
94 69
92 66
96 62
105 63
94 65
103 72
92 67
94 64
115 75
91 65
121 69
94 65
93 67
87 65
97 64
96 66
104 72
89 68
98 70
101 64
112 63
107 72
113 67
90 66
101 68
127 68
128 76
89 67
117 65
100 68
98 73
97 68
115 73
112 75
104 73
95 68
92 68
89 65
91 66
92 64
128 69
115 73
88 67
105 70
103 67
89 71
105 65
98 65
86 68
117 70
98 66
91 67
94 65
94 62
91 66
108 65
93 62
119 71
116 69
105 66
110 69
90 68
112 72
88 61
110 72
96 68
98 72
88 68
107 66
97 69
101 64
105 68
95 66
89 65
109 74
90 67
92 62
97 65
106 65
97 67
104 68
95 64
95 65
100 73
89 65
107 72
99 65
110 67
87 65
91 64
90 71
95 65
102 67
113 65
106 65
92 67
108 75
100 69
95 68
107 65
106 68
93 66
103 74
100 67
90 71
95 66
93 67
93 67
88 61
103 72
104 69
110 70
114 66
103 64
122 73
94 72
100 63
108 69
92 67
92 63
98 67
108 65
100 63
106 72
92 71
107 67
90 62
108 70
89 67
93 69
102 67
94 74
102 69
90 66
92 66
98 69
92 66
116 72
89 71
93 68
93 65
120 75
102 73
109 73
88 68
102 71
87 66
96 67
96 62
130 76
94 64
94 65
106 66
94 62
98 65
106 71
104 72
98 71
108 69
88 68
87 67
97 65
95 63
107 71
90 67
92 67
120 76
105 72
102 68
106 66
105 67
93 65
92 67
98 64
99 65
97 61
98 63
89 71
101 68
92 62
88 70
114 72
94 69
91 62
88 61
104 72
98 71
90 65
91 66
95 68
92 66
93 66
93 63
96 66
100 67
86 64
103 68
101 67
91 66
90 66
101 66
98 67
97 67
87 65
99 67
92 66
94 63
90 67
102 66
104 67
90 67
112 69
117 71
101 69
92 67
122 71
126 74
104 71
96 62
90 66
100 64
97 71
97 65
91 70
99 68
117 70
100 66
92 67
107 67
91 63
109 64
109 70
103 71
100 68
121 67
85 68
90 67
116 67
93 68
103 68
87 66
106 70
95 68
101 73
89 65
98 65
101 64
89 66
92 64
112 72
121 73
91 65
89 65
107 63
93 66
89 71
110 70
86 64
98 67
89 65
103 64
89 65
102 68
108 71
97 68
89 65
98 63
87 66
106 69
114 70
93 63
90 68
119 74
111 67
104 70
103 69
91 68
94 70
91 65
98 64
98 62
94 66
88 70
102 69
96 68
92 67
92 66
92 69
100 70
102 66
90 69
91 69
92 62
88 66
99 64
101 70
102 64
84 68
89 68
100 62
90 66
101 64
103 73
98 66
107 67
95 68
104 72
109 68
93 66
96 70
92 66
89 67
93 70
111 71
104 68
100 61
91 66
84 68
110 67
97 60
96 62
93 66
111 66
106 66
105 67
90 68
97 65
111 69
104 70
93 63
121 69
93 70
96 64
90 66
91 66
100 64
98 64
88 68
107 70
90 65
94 65
91 63
94 64
91 62
90 68
87 66
104 64
99 70
98 66
89 63
99 71
108 67
101 68
104 69
97 64
94 65
88 65
94 61
102 71
111 72
97 69
89 63
100 68
100 67
89 71
108 67
102 70
94 71
105 67
100 68
85 68
96 71
92 69
97 66
97 64
103 66
106 63
92 62
109 64
87 65
102 65
89 63
95 62
91 66
92 65
88 66
100 72
99 72
103 69
95 71
106 67
93 67
90 66
98 71
94 65
92 62
103 64
92 62
98 67
99 64
102 68
112 66
115 68
89 63
106 67
115 72
92 66
88 66
90 71
92 63
87 66
108 72
100 67
97 65
101 64
97 60
97 65
99 66
105 69
91 67
95 63
97 61
99 68
93 65
92 67
90 68
101 67
93 67
92 68
93 66
112 68
115 68
94 64
107 68
93 63
98 63
91 65
102 68
90 71
95 67
102 64
89 65
96 62
99 68
92 66
91 71
88 68
103 75
93 68
92 62
107 67
91 71
87 66
94 71
96 62
98 65
107 76
97 64
99 69
92 66
107 70
105 66
89 71
89 65
104 68
119 67
110 70
98 66
87 65
101 66
102 70
91 65
94 67
122 75
91 63
94 63
93 70
121 75
97 66
93 67
98 64
102 67
118 64
101 72
107 71
111 67
108 71
94 71
103 71
90 63
101 65
97 69
90 67
112 72
94 71
100 63
107 67
102 64
90 66
95 67
113 67
108 69
91 67
95 69
101 70
108 65
110 69
89 70
94 65
98 70
101 68
90 66
91 67
96 62
96 68
99 67
97 68
100 64
92 65
97 65
99 67
101 63
85 68
101 68
111 69
92 62
115 69
104 68
94 65
106 72
102 71
104 64
97 68
94 65
100 71
96 68
109 70
114 68
102 67
106 65
105 68
101 68
102 70
99 70
95 67
95 71
92 67
102 69
93 67
102 65
93 63
89 63
100 64
107 75
90 69
100 65
88 67
101 66
100 65
101 66
104 68
109 70
87 65
89 70
113 69
89 71
101 66
89 63
101 66
85 68
90 63
104 67
95 63
91 63
100 69
98 73
90 66
97 67
103 67
89 65
94 63
89 63
97 69
104 71
90 71
93 65
92 67
100 65
92 66
113 68
88 70
91 66
94 67
96 62
106 66
90 68
91 64
99 65
98 73
98 69
93 63
100 72
89 65
114 72
89 67
106 74
115 73
95 62
129 69
102 67
88 66
92 64
115 66
91 63
98 67
99 68
106 68
115 73
97 69
90 65
110 70
104 68
128 78
103 69
89 67
98 66
110 67
95 64
94 63
101 66
105 71
101 67
93 67
96 71
92 67
104 70
91 66
92 66
103 67
92 66
97 67
97 68
94 65
102 63
104 64
93 65
89 65
92 62
99 68
92 62
104 71
90 71
97 69
92 67
107 70
97 68
93 64
90 66
94 66
105 71
95 66
99 70
100 66
106 71
99 68
89 71
96 66
111 66
90 69
89 65
91 65
89 61
96 67
103 67
113 75
89 65
95 70
94 69
98 66
105 63
101 64
91 67
100 70
90 66
93 65
103 64
94 72
90 69
102 72
105 70
113 66
99 63
101 70
99 67
91 69
96 67
92 65
92 67
89 63
92 62
109 71
100 66
105 68
86 64
92 66
109 66
96 67
89 65
106 70
100 71
101 67
94 64
110 71
91 65
92 67
91 62
97 67
90 68
109 66
94 67
109 65
94 63
101 64
106 66
106 69
98 67
86 64
89 65
109 68
92 63
107 68
99 63
92 66
101 68
109 65
108 65
84 68
97 68
114 68
90 68
93 66
100 70
97 68
86 64
101 68
94 65
92 72
107 65
101 69
88 68
92 62
94 63
102 65
100 70
96 62
100 66
101 67
112 65
97 65
102 67
92 67
91 64
97 60
89 67
98 70
100 68
89 65
98 65
100 67
110 68
88 68
89 65
90 62
112 68
89 65
89 65
92 68
109 68
106 71
96 65
108 70
100 66
92 66
94 63
107 65
101 69
90 66
93 66
97 69
101 67
108 70
87 68
96 66
108 69
100 72
94 65
105 63
101 67
105 68
91 66
93 71
101 63
92 71
112 67
98 67
88 64
95 63
94 63
88 61
99 69
100 68
90 67
96 68
113 64
91 63
92 67
95 68
115 68
86 69
100 66
93 67
102 66
113 67
90 67
87 67
100 64
95 66
104 69
94 63
91 66
94 63
100 68
97 68
101 64
105 67
108 66
89 67
119 73
100 67
96 64
100 73
91 65
102 67
123 70
101 67
90 66
97 68
113 67
106 68
95 67
92 73
100 71
99 62
92 66
90 70
101 68
97 66
96 67
98 71
115 72
119 72
99 69
119 69
98 67
95 68
84 68
105 67
112 68
84 68
97 69
102 67
91 62
89 67
88 70
101 66
89 65
96 62
92 67
96 70
93 68
84 68
102 64
90 69
101 68
105 69
92 62
99 72
103 74
95 63
89 65
104 66
93 68
101 71
88 70
106 67
89 65
95 71
92 70
90 66
101 65
93 66
89 65
101 67
100 66
97 69
99 68
103 74
102 65
93 63
101 64
96 68
112 66
93 66
101 67
101 65
91 62
106 64
106 69
102 70
91 67
91 67
112 69
93 68
92 65
94 66
96 63
103 68
101 66
87 66
91 65
97 66
92 68
91 62
97 68
97 68
91 65
86 64
103 69
113 65
93 66
91 63
98 64
94 68
95 67
97 68
106 71
85 68
98 70
108 69
100 65
97 64
107 68
90 71
91 63
107 66
91 63
118 67
110 70
112 66
92 62
125 71
97 70
114 70
93 65
96 71
101 66
96 66
89 71
114 67
88 68
93 65
92 68
102 66
93 66
104 63
87 65
105 71
96 68
92 62
95 63
95 70
89 65
114 73
91 66
97 70
88 68
118 70
89 67
94 68
96 62
94 64
111 71
89 71
92 67
89 63
98 67
100 65
116 71
101 71
91 66
107 67
112 68
94 68
89 71
87 64
109 66
112 73
98 66
91 67
92 67
97 68
100 63
101 66
90 68
88 61
99 72
86 69
98 66
108 70
89 63
91 68
91 67
100 67
99 68
93 65
100 73
105 67
94 61
90 65
111 67
120 71
90 63
93 65
91 65
94 66
91 63
101 69
87 65
86 64
105 64
108 65
91 66
95 71
108 68
108 68
89 71
94 70
108 76
112 66
99 68
103 72
105 65
103 73
87 66
97 66
97 60
106 73
97 68
97 64
97 65
111 64
94 65
92 66
98 66
91 66
109 72
91 69
95 62
91 67
95 69
96 66
103 69
95 70
98 67
105 69
101 65
94 64
87 65
97 69
104 71
91 66
102 63
96 66
89 65
92 66
110 70
106 70
97 64
93 67
98 67
87 67
95 66
94 62
104 67
93 65
103 71
105 67
110 67
101 65
92 67
87 65
97 66
109 63
101 67
91 65
97 65
110 68
91 66
99 67
92 66
106 67
94 65
104 67
104 67
93 69
106 74
102 64
113 70
106 68
96 65
103 65
105 73
97 65
110 70
105 64
99 62
96 66
90 65
106 73
97 64
100 65
98 69
100 69
91 64
108 71
90 69
91 62
91 67
100 65
107 66
96 71
109 61
93 67
100 66
93 66
122 73
94 68
89 71
121 68
99 67
94 65
97 66
93 71
112 69
100 72
100 68
100 68
94 64
109 68
99 69
93 65
92 66
111 70
95 71
96 62
97 65
98 62
96 66
117 75
104 70
95 63
99 70
102 68
92 66
95 68
118 70
97 68
94 65
84 68
93 69
90 66
119 68
105 65
87 67
91 69
114 66
91 68
99 70
91 71
96 66
94 71
89 65
92 62
94 62
87 65
85 68
96 67
88 61
92 71
91 62
100 67
89 65
93 66
97 65
100 66
100 70
106 68
101 70
93 65
90 65
98 67
101 66
87 66
89 65
101 66
100 64
90 71
91 64
89 67
95 68
103 64
88 68
100 65
97 67
92 69
92 69
98 65
98 70
105 63
95 67
96 62
101 68
92 66
93 67
99 67
97 67
97 66
104 72
92 70
93 68
90 62
94 69
104 71
94 69
97 71
103 69
105 70
99 63
93 66
107 67
110 70
93 65
99 68
92 62
93 68
108 66
97 63
93 65
100 63
89 65
100 71
92 66
109 70
94 70
92 67
88 67
92 68
103 68
91 62
108 69
90 68
102 63
103 71
103 69
107 72
92 63
98 68
104 64
104 71
109 72
91 62
106 67
94 64
95 68
87 66
95 64
105 70
97 65
96 63
102 64
97 65
96 64
91 67
93 72
89 63
92 62
112 73
97 68
93 65
95 64
90 66
100 67
98 64
100 64
111 74
94 61
98 66
93 65
87 66
100 66
96 67
92 67
94 67
101 70
92 63
104 66
89 71
90 67
114 70
104 71
98 66
95 67
86 64
101 68
104 65
96 62
103 67
89 63
107 63
112 67
92 62
96 70
94 71
87 68
97 69
90 65
99 63
116 68
105 70
121 76
103 70
103 66
106 66
91 70
123 70
97 68
93 67
108 64
97 67
100 67
105 67
91 65
97 68
89 65
97 65
99 71
102 68
101 68
90 65
95 66
112 75
105 75
90 66
102 67
93 65
92 67
111 63
100 65
104 68
98 68
113 67
87 65
91 64
91 66
96 62
106 67
97 69
98 65
103 62
100 69
90 65
89 61
96 67
97 65
94 64
98 70
102 68
96 64
100 63
93 65
102 70
115 73
91 65
120 72
92 71
145 79
89 67
99 67
96 62
99 65
109 67
88 64
103 69
97 64
90 66
105 71
87 65
99 65
92 68
93 63
91 64
101 66
84 68
102 68
96 65
105 65
105 67
109 66
86 69
98 68
91 64
90 71
101 62
89 65
98 66
91 66
100 67
92 66
98 64
87 67
94 66
95 66
96 66
99 69
91 64
100 66
112 72
87 65
89 65
94 65
99 64
112 68
91 65
106 65
86 64
93 65
95 67
98 68
96 65
104 68
100 66
104 66
91 68
110 69
93 63
91 67
96 64
101 71
90 66
103 68
102 69
90 65
115 68
103 73
95 67
90 66
90 66
92 70
100 69
109 69
87 65
91 67
108 68
109 66
98 66
92 68
102 69
96 67
91 64
101 73
93 65
97 68
99 70
96 68
115 70
109 70
90 68
99 66
94 63
84 68
91 66
91 67
84 68
95 63
95 67
104 64
87 67
107 63
91 65
93 67
98 65
88 67
102 68
96 71
112 69
92 64
86 68
97 66
99 67
121 72
125 73
111 69
91 66
118 66
106 72
88 70
114 70
103 66
95 67
97 67
93 67
100 65
91 63
93 67
95 69
98 69
110 75
92 64
98 66
92 62
97 66
92 62
98 69
110 70
101 70
103 64
90 67
90 66
89 65
102 66
90 69
95 64
102 71
99 70
113 65
94 61
86 69
88 61
94 62
99 67
110 69
96 63
104 71
96 67
91 68
95 70
89 65
114 71
89 66
90 64
90 71
93 65
101 64
87 66
97 67
121 71
90 65
95 62
104 66
103 64
108 65
99 66
98 67
105 65
87 64
105 66
106 66
106 64
96 64
100 64
99 70
97 67
98 67
94 63
125 74
97 62
90 68
91 62
107 69
101 65
94 64
86 64
93 66
99 70
92 67
105 62
91 62
88 68
109 67
107 70
114 69
109 67
114 65
115 78
102 61
94 63
95 68
100 67
102 67
101 71
93 68
96 63
89 65
96 67
94 64
91 69
95 62
85 68
118 73
91 63
94 65
91 63
89 61
92 68
92 69
103 64
111 71
91 66
97 71
96 69
89 71
93 67
93 70
100 66
99 64
115 73
91 69
98 67
93 70
100 67
104 65
91 65
110 72
102 67
109 67
87 65
97 69
92 64
106 70
120 71
107 68
90 67
103 65
98 68
101 65
97 65
114 70
89 63
100 68
91 66
92 62
90 65
90 67
102 69
105 63
94 72
99 63
109 70
115 70
127 74
104 73
92 62
96 62
87 65
103 69
99 68
87 66
105 66
103 74
103 65
94 69
91 65
99 62
92 66
94 64
96 62
95 66
112 67
98 70
101 63
84 68
101 67
97 69
93 66
103 68
92 64
102 65
98 63
105 64
100 68
90 66
91 66
98 68
96 66
96 65
104 70
96 64
95 62
95 62
90 65
95 64
91 65
90 68
102 70
97 65
96 66
88 70
95 62
93 65
98 68
100 65
98 67
103 74
93 65
96 65
102 71
94 65
89 61
95 65
101 72
109 73
93 68
90 68
92 62
97 66
92 62
94 64
92 62
110 64
92 63
91 66
106 73
91 69
95 62
112 66
108 64
92 64
109 65
112 67
99 68
100 68
109 70
95 69
88 67
106 68
97 64
95 65
92 65
93 67
95 70
104 65
99 67
94 62
97 68
104 63
105 63
91 70
109 70
91 63
100 64
88 68
106 69
100 65
92 62
94 65
97 67
105 68
105 65
97 65
94 71
109 68
92 69
108 67
91 65
92 67
90 65
110 70
89 65
98 65
99 67
109 70
92 66
91 68
97 67
102 70
90 68
98 64
111 71
98 68
96 65
100 70
108 65
92 65
92 68
91 66
99 68
93 70
100 68
105 72
95 67
115 65
119 76
100 72
106 74
100 67
95 64
86 64
94 68
87 66
94 65
91 65
92 63
93 63
93 67
96 62
99 67
94 69
85 68
101 69
96 64
100 73
93 63
100 67
91 62
109 65
90 67
108 65
90 65
89 65
96 68
90 64
90 65
91 63
98 65
108 68
91 69
86 64
105 64
93 67
101 70
90 70
91 71
91 66
90 67
96 65
94 63
107 73
107 70
86 64
98 69
100 65
89 71
91 66
97 65
102 72
88 70
90 62
110 68
104 63
115 73
100 68
100 65
101 68
96 66
103 64
112 73
94 71
93 70
89 65
90 68
91 68
114 75
118 69
108 68
87 64
101 65
106 75
106 64
106 68
105 74
94 63
115 68
120 76
97 69
102 65
88 61
92 67
111 76
93 67
87 67
94 62
94 69
89 61
98 68
102 71
105 72
95 65
106 67
100 66
93 65
87 67
93 64
98 68
91 69
90 68
103 74
107 67
94 71
94 62
91 69
87 66
92 64
115 69
91 67
92 66
108 70
87 64
95 67
111 70
124 69
99 65
107 67
111 70
106 70
93 65
101 66
92 66
90 71
104 65
91 69
117 73
112 70
99 68
97 67
89 71
91 65
100 62
89 65
103 64
96 64
89 71
112 67
103 65
97 68
102 61
101 68
98 69
99 64
88 61
97 68
93 68
91 67
104 72
92 65
96 69
126 76
99 69
93 64
110 66
87 66
97 66
96 65
111 73
97 68
95 63
87 67
100 68
92 71
96 71
104 65
92 67
102 70
90 65
109 65
96 66
91 67
96 68
92 63
95 67
89 63
106 66
101 67
89 67
106 69
105 67
103 69
115 69
92 67
100 63
97 71
93 66
90 71
104 65
108 65
91 69
91 67
96 63
106 66
92 67
104 71
98 67
96 68
90 66
107 72
102 68
96 62
96 66
109 66
103 73
92 63
92 62
99 68
89 65
95 64
99 67
88 68
94 63
102 69
104 71
109 69
95 70
95 70
119 67
103 67
121 69
87 65
91 67
88 65
94 69
107 74
92 62
113 73
96 65
97 65
96 62
90 67
98 66
96 62
92 63
95 70
92 62
88 61
94 65
90 66
104 62
92 62
92 69
97 69
95 63
99 65
88 61
96 67
100 64
96 68
110 66
100 68
106 66
91 64
90 68
102 70
97 66
110 68
108 70
93 66
104 63
100 72
90 66
96 66
103 66
88 67
112 65
106 63
104 74
90 66
91 65
94 69
89 65
96 68
100 66
94 64
111 67
87 66
89 65
100 72
107 69
85 68
106 68
86 64
92 64
92 63
88 68
89 65
92 68
87 67
111 65
86 68
90 65
89 71
109 66
122 68
108 63
92 68
91 66
121 73
96 67
96 68
92 63
100 63
85 68
100 64
111 71
95 70
102 65
89 71
103 68
91 62
112 69
105 63
95 69
106 71
103 73
94 64
99 70
87 66
107 70
103 64
87 66
96 65
102 69
95 67
89 71
89 65
90 68
91 64
100 72
97 67
88 61
97 67
90 66
106 67
102 65
92 67
100 68
96 62
110 70
88 67
94 65
95 69
101 69
92 67
99 67
113 72
97 67
103 66
90 63
87 66
86 69
101 68
105 63
107 66
97 69
95 66
103 71
109 68
89 65
92 68
92 67
88 66
112 67
95 70
100 62
97 64
89 68
105 68
110 72
92 70
102 63
99 64
89 65
109 70
92 64
106 72
89 63
99 67
103 70
89 71
101 68
101 64
90 65
89 66
96 71
99 64
91 66
94 68
102 67
90 65
120 72
92 63
90 66
88 67
94 70
97 64
97 65
95 70
107 64
91 69
98 64
96 70
93 66
108 64
107 67
88 67
88 61
98 67
103 68
93 69
94 62
89 63
99 69
98 64
113 64
98 69
98 65
101 64
91 67
92 69
104 72
90 70
98 65
89 66
95 63
101 72
115 73
86 69
101 64
98 63
89 71
92 66
102 67
102 70
89 71
106 67
97 68
98 64
115 69
94 62
90 66
93 68
106 70
91 67
94 62
107 72
112 75
89 63
99 67
96 67
89 65
92 68
89 65
97 68
98 71
95 68
89 66
90 63
101 67
93 65
93 63
86 68
99 70
98 68
89 65
99 63
91 68
112 67
97 61
107 66
108 71
87 65
113 71
90 66
95 69
91 68
94 67
104 66
96 65
92 63
106 66
113 65
91 69
100 68
96 68
108 70
90 65
89 65
101 66
92 66
110 66
92 68
90 67
92 66
89 65
99 70
101 67
94 63
97 65
92 67
96 65
98 68
95 71
101 66
100 69
84 68
97 66
96 67
84 68
86 68
98 71
100 65
96 66
114 70
93 66
98 68
90 65
97 66
110 69
91 62
106 69
106 70
96 63
96 66
95 68
94 68
103 68
91 65
92 63
97 70
90 71
93 66
106 72
99 70
90 66
96 64
92 68
89 65
101 69
92 65
100 65
97 69
94 64
95 63
98 73
100 67
90 66
90 68
109 66
108 71
103 64
99 67
90 67
89 65
91 67
91 66
89 71
91 68
94 68
118 71
96 63
122 71
102 65
94 66
89 68
90 67
94 65
92 63
89 68
99 70
92 62
89 65
93 66
96 66
94 65
107 68
104 66
87 66
90 69
96 71
116 69
92 68
101 69
97 68
93 67
119 71
119 68
94 65
91 63
99 67
101 71
99 63
91 65
95 71
128 71
97 67
90 67
133 76
103 69
91 69
94 65
100 68
93 64
120 68
91 62
103 72
101 64
89 65
115 71
102 69
113 68
92 70
103 65
109 66
99 63
102 71
89 63
94 62
89 65
106 74
106 67
92 67
100 66
95 65
98 64
91 63
113 69
101 67
98 67
103 65
100 62
94 66
93 65
93 67
90 70
97 66
89 61
97 65
92 67
108 72
121 72
113 64
97 68
93 67
90 69
107 69
101 68
97 69
114 70
108 72
99 68
107 69
92 67
102 68
98 69
91 66
90 66
97 66
92 62
100 62
100 72
102 70
102 69
91 72
92 62
86 64
102 66
93 70
109 69
98 72
102 67
100 63
91 71
92 70
89 68
91 66
99 67
89 66
103 69
106 65
98 68
100 66
91 69
91 66
89 71
125 68
91 67
99 68
92 67
107 67
113 73
90 63
94 65
106 68
90 67
90 66
94 65
91 65
101 69
109 70
101 66
112 68
94 61
98 63
89 71
99 62
92 63
96 71
99 64
102 70
102 65
101 69
96 67
104 68
107 68
110 65
106 67
94 66
105 64
112 68
97 72
99 64
96 66
95 70
116 64
99 66
102 63
90 66
89 63
90 70
118 73
103 70
104 66
104 69
92 68
104 67
101 72
92 64
87 66
98 65
84 68
91 65
97 69
102 72
88 67
101 72
99 66
92 65
103 64
99 70
106 76
95 62
90 68
97 71
88 68
93 65
108 68
90 66
105 67
97 66
99 69
91 65
88 61
84 68
101 66
88 64
103 68
99 63
105 71
106 67
97 63
91 64
103 65
97 69
90 66
101 64
90 68
98 70
94 65
94 62
89 68
95 72
111 70
105 68
92 66
90 68
110 67
107 71
89 71
102 66
99 62
101 64
93 67
85 68
90 65
108 62
100 69
91 69
93 63
96 66
107 70
99 72
113 72
99 69
91 69
99 67
98 65
100 65
108 70
101 66
97 68
87 67
87 66
118 72
105 67
110 68
91 67
94 68
105 71
94 71
89 70
104 66
94 68
86 64
87 66
107 67
101 61
97 67
105 68
97 67
114 69
101 70
96 68
98 71
95 67
110 72
114 70
97 66
102 71
91 68
92 65
97 68
99 72
93 64
97 69
92 65
93 67
91 62
92 63
94 68
97 67
84 68
100 65
90 67
103 69
113 70
101 66
90 68
107 65
105 67
91 67
106 69
100 65
92 67
102 65
95 63
99 73
91 65
96 68
102 66
105 70
92 63
99 66
87 65
97 60
106 64
101 64
99 71
98 67
93 65
92 68
94 68
92 63
95 64
94 65
100 67
100 73
107 64
86 64
89 65
101 68
91 68
88 68
92 63
87 67
101 69
103 73
104 68
101 68
90 69
89 63
104 62
104 67
101 68
96 65
109 64
97 73
99 67
86 69
90 68
88 67
90 66
97 65
107 63
92 62
104 66
93 67
101 68
118 72
128 72
89 68
110 66
103 65
92 62
100 69
93 64
92 63
88 61
97 65
94 65
89 68
99 64
88 70
92 65
113 71
99 67
105 64
99 71
98 68
101 61
92 62
116 71
102 67
89 71
104 69
109 65
98 62
95 66
89 71
102 66
127 74
95 62
89 65
103 68
100 70
91 68
91 64
94 69
91 63
94 67
111 70
97 65
116 73
93 65
94 67
111 69
109 71
105 68
92 63
91 65
97 66
105 69
102 67
92 62
85 68
89 65
100 69
100 65
94 65
88 68
89 65
97 66
108 68
97 70
90 65
101 67
89 67
91 64
94 66
99 68
116 76
91 62
96 64
96 62
92 62
93 71
87 68
97 67
100 63
98 66
107 69
88 70
101 69
106 64
110 69
102 68
104 65
92 62
97 65
91 69
87 68
104 66
90 68
95 62
107 69
110 64
107 63
101 71
107 68
104 67
91 64
112 71
91 66
105 69
90 65
102 67
96 66
100 69
97 68
101 68
102 67
100 69
101 68
108 68
108 61
93 67
111 70
105 72
110 72
112 67
106 66
98 63
93 67
93 67
92 67
91 66
94 65
93 67
89 65
95 67
118 67
99 72
103 67
100 66
91 66
90 65
117 72
102 66
101 65
101 67
103 65
109 66
95 68
90 65
89 66
95 68
89 70
95 67
91 69
108 68
100 62
91 67
108 76
103 69
91 63
98 70
109 66
99 67
92 64
91 67
99 65
109 65
93 63
100 67
92 63
89 65
106 72
94 71
107 69
106 68
94 65
96 72
100 64
112 68
96 62
93 65
90 67
100 66
90 67
92 64
89 68
100 68
97 67
105 65
102 64
96 63
89 65
96 62
90 65
100 68
91 62
86 64
106 66
89 65
92 62
94 63
100 67
107 62
92 67
93 72
90 68
102 64
86 68
107 69
95 64
96 66
93 66
97 65
100 65
97 68
88 70
108 75
90 66
94 64
118 70
98 68
102 63
108 67
94 69
100 68
94 65
100 62
98 65
91 67
93 67
101 71
100 63
98 67
89 71
106 72
96 62
98 68
97 65
100 64
89 67
93 68
110 68
104 70
106 69
96 66
107 69
106 69
101 68
104 68
97 69
91 66
98 67
95 62
97 67
107 64
96 67
90 68
92 62
109 67
94 63
102 68
95 70
109 68
117 66
90 66
100 66
100 66
91 66
91 64
97 67
107 69
106 63
93 64
99 64
107 68
96 66
103 72
91 64
89 66
89 66
89 65
104 70
107 65
99 66
110 67
91 68
101 64
97 67
96 68
110 68
113 72
93 66
91 65
99 70
93 69
94 65
98 67
106 73
107 62
98 67
117 71
110 67
96 66
97 68
87 66
88 68
89 63
92 67
98 67
92 68
95 67
104 66
135 73
89 65
90 67
105 64
100 72
90 67
100 70
89 65
117 68
95 70
88 70
93 68
123 76
91 66
87 66
102 68
102 69
91 62
95 66
88 66
105 67
94 67
91 70
101 65
103 62
99 64
98 68
98 69
105 67
100 62
92 62
87 66
95 71
90 66
109 66
99 67
89 65
100 72
110 68
121 70
101 65
95 65
101 63
106 70
97 66
87 66
95 69
89 65
97 65
98 69
91 65
92 66
100 65
110 67
102 67
89 65
102 69
116 73
97 66
93 64
101 63
115 72
93 65
98 71
100 66
92 65
88 61
90 63
93 66
99 66
87 67
92 65
92 69
100 68
92 64
93 65
89 68
115 70
109 72
101 65
100 73
87 68
108 70
97 69
99 68
93 66
101 68
109 63
111 71
92 62
104 65
98 68
103 65
90 69
91 62
97 66
91 62
105 64
98 69
103 70
92 68
90 68
95 63
96 69
101 69
92 66
102 64
103 64
101 65
100 66
89 63
90 69
88 61
93 65
87 66
100 67
93 65
94 65
100 67
91 62
87 67
92 67
115 66
105 69
98 69
92 66
91 66
100 68
91 66
110 70
103 67
103 69
96 67
87 65
116 65
93 66
104 71
100 67
89 61
88 67
105 69
90 67
100 65
104 65
91 65
97 65
101 68
97 65
93 63
94 64
91 69
100 65
91 68
88 67
106 66
108 65
98 65
104 66
96 68
91 64
97 66
107 66
93 66
103 65
104 69
92 63
114 69
95 69
98 63
89 67
89 71
87 68
92 64
105 68
104 64
112 70
93 67
90 64
89 71
97 73
92 66
92 66
90 70
91 65
90 67
99 75
93 70
121 77
107 70
89 61
101 67
110 73
95 65
93 65
111 70
103 63
109 69
91 69
89 63
99 67
90 68
100 70
89 71
105 67
93 64
90 71
93 67
104 61
99 70
94 66
91 66
99 64
95 64
89 71
94 69
93 66
92 67
90 67
93 70
112 71
92 63
90 68
104 63
104 70
112 66
101 67
126 76
101 61
89 65
92 67
93 66
100 63
97 67
90 67
89 71
98 65
97 65
92 67
95 67
92 63
97 67
93 63
96 62
99 69
105 64
96 69
92 66
98 69
107 65
91 65
88 65
87 64
96 67
93 65
103 65
108 69
91 66
105 67
91 62
94 72
96 66
107 66
91 69
98 66
107 67
101 69
98 63
91 67
100 70
104 73
89 63
91 67
89 65
100 64
90 65
98 69
101 68
89 67
111 70
89 63
93 64
99 71
96 65
92 62
97 66
90 71
110 68
101 65
85 68
84 68
94 65
93 65
92 62
90 66
100 63
93 67
125 77
100 66
91 62
98 63
97 68
116 68
91 63
97 64
99 68
99 67
95 66
90 68
90 69
100 66
97 68
87 67
98 70
95 67
87 66
102 64
91 66
104 66
101 67
104 69
87 64
94 65
100 72
106 67
109 66
104 71
98 67
89 65
90 67
87 67
89 63
97 66
107 68
95 67
95 69
89 66
101 61
110 65
101 67
98 63
99 64
91 66
94 65
87 66
104 66
107 64
90 65
98 66
117 74
108 73
105 65
90 66
100 64
103 69
100 66
103 65
104 63
97 68
114 65
102 67
112 69
111 69
118 71
104 71
120 70
90 68
108 74
102 66
101 68
113 68
97 64
89 71
96 66
92 67
102 67
87 66
106 70
93 65
96 67
103 70
97 67
100 68
97 65
91 62
101 73
105 63
101 68
93 68
95 69
90 63
92 65
90 62
102 66
107 70
92 67
92 63
92 62
94 64
97 67
104 66
90 68
107 63
102 65
95 63
88 66
97 72
97 64
103 63
97 68
100 68
107 70
106 70
102 70
108 67
100 66
87 67
93 69
96 65
92 66
97 67
109 68
96 62
89 67
92 62
92 62
94 67
93 66
89 63
108 67
97 67
98 68
97 63
106 66
93 64
95 69
98 69
102 65
91 65
112 69
108 72
92 62
97 66
99 66
94 63
96 62
89 63
95 62
100 66
98 67
90 68
109 68
117 69
100 65
94 65
91 69
98 65
93 65
89 65
123 72
101 67
98 68
98 73
100 67
106 70
91 66
89 65
90 69
108 65
100 67
91 66
100 69
96 66
97 64
99 69
90 68
93 65
91 68
114 68
89 65
90 62
108 68
111 68
93 67
97 67
89 67
98 67
104 65
95 64
93 67
90 63
95 68
102 63
92 66
98 64
93 70
90 66
88 65
91 66
102 69
104 63
89 71
102 69
96 62
120 68
89 61
99 64
90 71
107 69
103 72
100 64
87 67
97 67
89 65
123 76
92 71
92 62
89 71
124 76
89 68
93 66
97 67
104 65
100 66
106 67
120 76
106 67
115 74
105 73
94 65
103 66
97 65
111 68
90 65
93 65
96 62
98 69
93 63
89 65
96 66
108 73
112 69
96 67
97 67
109 68
95 65
89 65
94 65
94 65
93 71
98 63
92 66
88 67
88 67
100 69
94 72
103 68
98 67
107 66
101 67
100 69
120 67
96 70
99 71
86 64
98 69
101 69
94 65
94 63
98 65
95 71
106 66
91 69
94 68
99 69
104 65
96 66
108 69
92 62
121 70
86 68
88 68
96 68
91 65
88 61
109 70
97 69
103 69
84 68
101 68
90 68
101 67
92 63
97 64
99 65
95 67
90 66
108 70
104 64
96 66
92 65
89 71
103 70
96 67
101 65
92 70
96 71
91 71
104 63
103 69
98 67
109 67
91 66
103 74
85 68
105 66
100 63
87 65
88 61
105 72
91 63
101 66
111 68
101 65
104 70
95 67
94 62
85 68
98 63
92 67
117 71
103 64
102 67
85 68
94 66
95 65
99 64
103 69
92 67
91 66
100 71
106 69
102 69
101 67
92 62
97 67
106 73
106 66
90 67
99 65
113 65
97 68
95 63
94 71
113 71
90 66
91 68
101 72
100 63
114 72
98 66
92 65
109 67
92 67
87 67
94 67
106 66
88 61
89 68
92 68
90 66
92 62
110 69
100 68
90 67
92 63
96 72
120 69
100 70
100 65
104 65
113 68
98 67
119 70
105 65
84 68
100 65
99 68
97 64
100 68
98 69
96 65
93 66
101 67
111 67
99 71
101 69
100 68
98 66
90 68
89 65
84 68
90 66
97 69
96 70
108 67
108 66
126 67
100 63
93 65
102 70
106 66
104 66
113 67
110 68
91 65
101 69
90 70
91 66
108 66
116 70
99 69
107 69
105 66
101 73
97 64
107 66
89 65
101 64
96 62
84 68
94 71
103 64
87 66
93 67
98 64
91 66
103 69
91 64
105 68
91 68
96 64
105 72
91 66
105 69
96 71
96 71
97 67
111 65
97 67
90 68
107 70
97 67
103 65
91 62
94 66
101 69
95 64
85 68
97 66
110 70
98 66
103 69
92 65
103 72
85 68
96 63
84 68
121 72
98 69
95 70
100 65
90 68
113 67
92 63
106 68
99 65
91 70
97 65
90 67
95 66
109 75
94 62
87 67
109 67
106 70
107 69
87 66
93 66
97 68
88 70
102 65
98 65
93 67
100 62
97 68
93 63
95 66
109 66
97 66
92 66
104 67
104 69
105 70
117 68
97 69
106 68
102 65
113 71
106 68
92 64
93 67
104 63
100 66
111 68
99 69
94 68
117 68
114 75
104 66
92 63
97 70
97 61
96 66
91 68
86 68
95 66
94 64
89 68
94 71
101 64
113 69
90 67
92 63
97 65
94 63
90 66
101 68
91 66
101 66
92 70
93 67
107 74
94 65
89 67
96 69
103 73
110 69
97 67
95 63
89 65
97 66
113 74
109 70
102 67
98 66
89 67
86 68
94 63
89 71
91 65
96 64
103 68
105 66
102 73
110 67
106 75
93 65
102 68
94 62
90 66
99 65
97 68
91 67
105 63
115 71
102 69
98 67
94 66
94 69
101 72
94 62
98 68
106 69
103 64
101 68
112 70
97 64
90 70
95 63
93 65
106 70
97 65
93 68
100 64
101 66
90 63
84 68
103 68
93 66
91 65
97 68
97 69
102 63
92 62
84 68
97 64
100 64
107 70
101 71
97 65
96 70
89 71
103 69
104 69
96 65
103 66
84 68
110 73
89 65
103 66
90 69
94 62
89 65
102 68
112 66
93 67
95 65
89 71
107 69
94 63
91 66
89 65
89 67
101 64
98 73
86 68
106 70
118 66
97 65
108 74
92 66
105 67
91 67
85 68
97 70
100 68
107 69
92 66
102 65
104 67
93 66
113 69
90 66
96 67
88 61
96 67
92 62
94 62
101 73
102 69
105 69
92 67
94 61
98 67
94 63
90 66
98 68
116 67
90 65
96 70
98 70
91 67
96 62
92 62
101 73
119 74
95 65
93 65
94 65
107 68
88 65
96 66
90 71
104 66
103 69
89 65
108 70
93 66
93 66
96 71
98 73
88 61
90 68
104 71
105 74
95 66
99 68
92 67
91 65
100 70
91 66
98 66
92 67
86 64
95 66
103 66
96 66
97 64
93 68
109 73
107 67
96 69
87 66
93 63
90 63
99 67
94 67
109 65
94 65
97 67
95 64
99 69
94 64
89 66
91 70
109 69
96 67
99 71
107 65
89 65
86 69
105 73
100 67
101 70
90 66
109 66
97 68
87 65
107 70
91 66
86 68
102 64
99 68
94 65
95 65
84 68
98 65
92 62
89 67
101 70
90 68
108 65
94 65
109 71
91 65
103 69
97 68
95 69
92 65
110 70
92 65
108 73
98 67
101 70
100 68
89 68
87 65
91 67
109 68
100 69
93 66
110 70
89 65
99 67
93 63
93 64
90 65
118 69
93 65
94 64
114 77
101 68
95 62
95 70
95 72
88 67
89 67
100 67
90 65
108 67
103 65
90 67
114 67
98 64
85 68
93 65
96 66
103 64
93 66
97 62
95 64
107 67
99 69
102 69
106 68
100 67
115 72
95 63
109 65
93 72
94 66
107 68
91 67
94 63
98 63
90 65
118 73
97 75
95 71
109 68
92 66
91 65
96 66
97 64
97 67
91 65
103 71
94 65
97 64
110 67
86 68
93 65
84 68
112 69
92 68
106 66
93 67
84 68
90 65
97 70
121 72
117 70
92 63
110 69
97 68
100 66
104 69
114 69
89 65
91 66
93 70
110 70
104 66
99 71
99 69
94 65
87 66
95 63
109 65
93 67
96 68
86 64
89 71
94 67
109 71
97 72
98 71
105 68
92 63
84 68
90 70
91 63
109 68
92 66
99 64
98 70
100 65
107 73
93 66
112 69
105 63
110 69
89 68
94 63
90 69
96 67
93 65
90 71
107 70
96 66
88 68
90 66
90 71
110 67
104 69
102 72
92 65
91 63
97 69
89 67
94 69
98 63
95 63
88 68
88 61
102 68
98 62
101 68
102 65
91 69
90 66
97 64
86 64
92 63
103 65
111 70
105 64
111 74
95 70
100 64
98 68
93 63
94 63
90 65
97 68
89 65
95 68
103 65
97 69
105 72
102 69
90 66
90 65
112 70
88 68
91 72
93 66
90 66
89 65
111 68
102 67
95 68
102 71
97 66
96 71
91 65
118 68
89 67
86 68
93 67
109 67
91 64
95 63
94 65
92 68
100 63
92 66
111 72
90 66
93 67
110 65
93 67
107 72
114 68
100 67
97 67
98 63
91 64
92 65
106 67
92 62
103 67
91 66
91 66
88 61
98 71
87 66
105 64
91 66
95 66
85 68
99 68
100 62
99 69
108 66
94 68
87 65
102 67
106 72
115 66
93 65
104 66
90 71
91 67
112 66
110 67
111 70
90 70
93 68
116 75
92 67
90 66
102 68
103 67
107 65
97 68
99 67
103 66
98 68
94 65
103 74
91 67
93 67
90 68
92 68
116 64
88 68
100 73
98 70
95 60
98 64
103 70
90 68
103 73
91 66
105 66
101 70
117 69
88 70
104 66
85 68
100 72
94 71
93 63
92 63
91 67
92 66
95 63
97 66
104 66
102 69
113 68
89 65
106 66
100 64
84 68
94 68
90 63
87 66
104 68
91 69
91 62
116 70
97 67
93 66
103 67
108 70
101 68
92 67
101 64
105 66
95 71
89 65
95 66
92 62
108 64
88 67
97 71
97 72
97 65
99 67
97 68
118 72
101 65
91 67
91 66
90 65
98 65
107 69
103 65
106 64
91 69
89 67
99 67
90 65
89 61
100 64
92 63
101 64
92 67
97 65
89 63
90 68
94 67
103 64
106 72
98 72
108 69
103 69
100 69
87 67
101 66
102 70
116 66
90 67
89 65
99 68
100 70
93 64
90 66
88 66
87 66
96 69
92 66
114 68
86 69
90 66
91 69
120 71
103 68
96 68
93 66
112 70
107 73
114 67
87 66
97 61
98 68
97 68
98 68
91 65
87 66
90 67
108 71
93 64
96 69
95 62
92 67
92 70
102 63
96 62
92 63
100 64
98 68
104 72
97 67
112 68
111 67
111 68
87 66
103 69
96 67
127 71
106 64
91 66
99 70
102 67
100 66
90 71
87 67
89 65
105 67
107 69
95 65
90 66
108 63
89 68
103 69
107 64
109 64
91 63
98 63
90 68
91 69
95 65
96 66
110 72
89 68
100 68
115 72
109 72
107 66
93 69
93 67
96 68
98 67
91 63
90 66
107 70
99 65
97 69
107 65
91 62
94 68
91 64
99 68
89 65
101 67
112 78
122 73
91 71
97 66
87 66
93 65
97 60
108 68
109 72
98 69
98 65
94 65
91 66
90 69
96 67
90 68
99 69
88 68
123 69
105 65
96 65
103 68
90 66
99 68
100 62
94 67
98 63
98 68
101 66
97 68
98 67
104 70
108 63
91 62
115 64
104 67
91 67
113 67
91 63
105 68
89 65
123 68
116 71
99 64
90 68
103 65
112 72
110 75
95 72
95 64
93 71
95 68
92 62
96 69
91 62
107 70
103 67
111 73
110 68
106 69
89 63
101 63
102 64
118 72
98 69
99 71
89 70
102 64
110 67
90 69
107 74
90 67
103 67
94 64
105 64
103 69
99 66
89 70
98 70
95 70
95 65
97 73
90 71
97 67
98 65
114 71
90 63
84 68
91 66
99 65
87 67
100 69
89 65
88 70
93 63
103 67
105 71
92 63
107 67
95 63
90 63
92 72
102 66
103 69
96 66
97 67
90 63
94 63
99 65
91 69
95 65
109 72
106 72
92 68
107 72
107 71
135 73
103 64
90 63
96 62
101 65
93 65
92 62
87 65
99 67
96 66
109 68
90 66
101 67
93 68
89 67
93 67
91 67
100 68
102 66
99 68
92 68
90 66
103 71
91 68
102 67
104 68
113 69
104 65
108 68
96 72
94 63
106 70
98 68
89 71
89 71
105 68
98 65
90 66
106 64
97 67
97 65
91 64
111 69
89 71
99 68
103 66
93 72
103 69
97 66
93 66
99 65
87 67
92 68
91 66
111 70
91 65
97 67
86 64
93 67
100 68
92 64
92 62
108 76
93 67
107 72
84 68
92 63
100 64
92 67
113 70
87 66
99 64
97 70
92 66
108 70
93 68
94 71
114 69
101 68
99 65
90 71
102 64
106 76
108 68
89 67
89 71
112 67
99 65
104 67
95 68
101 61
104 63
89 63
104 67
102 67
107 65
89 65
100 63
93 65
90 66
100 65
110 69
91 68
99 67
100 64
105 64
93 67
90 67
113 73
101 69
111 69
104 70
110 68
112 70
87 66
89 67
93 68
91 68
97 67
103 73
105 70
100 68
95 64
90 71
94 69
90 67
92 70
104 63
92 63
90 68
92 62
90 66
105 63
107 66
98 68
92 66
94 65
103 65
96 68
97 67
103 65
92 69
98 63
99 65
94 63
91 66
97 65
92 68
100 64
108 69
103 62
90 71
99 64
103 69
97 67
85 68
84 68
91 68
105 73
98 65
93 67
104 69
118 69
94 64
108 66
98 64
92 66
109 66
106 64
109 72
110 72
91 66
106 68
97 64
109 66
106 66
107 69
89 63
100 69
90 65
106 66
95 63
103 70
103 73
92 62
95 69
98 69
121 67
107 68
99 67
119 73
100 66
105 62
102 71
97 71
91 62
98 67
91 66
108 65
89 71
99 65
95 64
98 65
87 67
107 70
110 72
90 69
96 68
102 64
94 63
119 71
103 71
87 67
112 69
86 68
102 63
106 66
99 68
97 68
95 67
96 69
90 69
104 69
93 67
92 65
95 67
107 70
109 70
97 68
91 68
110 68
96 69
113 68
89 63
93 67
85 68
91 64
89 65
96 68
93 65
94 62
98 68
103 66
92 65
98 65
92 67
89 71
88 67
95 70
94 67
96 66
89 71
91 68
92 70
97 68
88 61
97 69
105 69
105 65
90 68
96 66
94 64
103 68
90 65
91 65
87 65
88 65
92 62
96 67
101 70
107 74
101 62
114 74
104 68
103 69
91 66
87 64
84 68
97 64
89 65
101 67
89 65
102 65
104 65
98 71
105 67
103 68
118 68
97 66
91 69
100 64
89 65
98 69
89 63
89 66
91 62
97 64
97 68
96 62
94 65
98 70
102 63
104 65
97 68
96 65
92 62
114 69
111 69
93 66
85 68
110 67
94 68
93 67
104 68
105 68
94 66
92 62
115 65
89 71
92 66
96 68
102 71
108 70
91 66
103 69
97 65
99 68
92 67
105 67
117 67
87 66
110 69
93 65
92 66
91 64
104 69
102 66
97 68
93 66
117 67
104 63
104 70
94 67
98 68
95 66
93 67
91 65
96 70
103 64
114 72
90 65
91 66
103 66
98 64
103 70
97 67
94 67
97 65
102 69
96 70
92 62
92 71
94 65
91 65
99 69
96 67
100 68
90 67
91 64
95 63
97 68
93 66
96 65
101 68
107 67
107 67
115 67
109 72
96 62
89 65
86 64
103 69
96 64
93 65
89 65
110 72
90 63
102 70
103 63
104 70
92 62
91 63
101 68
118 71
105 65
89 71
96 68
101 66
94 62
89 61
109 66
98 68
103 69
119 66
100 66
98 68
111 69
108 70
108 71
101 66
109 71
100 63
92 62
92 62
105 65
101 64
84 68
93 68
115 68
99 67
92 62
114 71
104 68
89 67
99 70
97 64
93 65
94 64
114 65
101 66
91 64
89 66
97 63
93 65
92 67
112 64
96 71
94 65
97 66
92 63
90 65
106 68
94 63
105 72
104 69
88 70
92 67
91 62
107 71
116 72
96 68
103 64
104 63
86 68
89 63
89 65
88 66
102 67
91 68
120 71
96 63
120 78
96 66
106 67
91 62
98 63
117 73
92 71
102 66
97 69
103 71
93 64
103 62
102 64
90 66
92 66
93 65
91 66
92 64
88 61
96 66
90 65
103 66
94 65
104 67
120 68
105 66
104 67
93 71
98 66
105 69
96 69
96 71
89 68
104 64
96 66
104 71
95 68
94 65
125 70
90 65
106 68
96 62
90 66
92 67
88 66
88 68
90 63
87 65
104 68
104 69
116 75
101 67
94 62
103 65
88 66
101 68
98 65
97 66
107 65
87 64
116 73
84 68
102 66
106 72
106 74
94 68
94 66
91 66
107 66
101 65
103 67
99 63
89 65
96 70
95 65
89 65
100 68
108 74
107 67
100 67
108 73
104 67
96 65
97 64
92 64
88 68
98 68
96 72
99 65
103 66
104 66
97 65
112 70
95 68
92 65
101 73
94 62
91 62
91 69
110 73
101 64
98 67
107 72
96 66
97 68
97 68
95 69
88 66
91 67
100 72
102 69
100 72
93 66
95 70
101 65
100 68
89 71
99 63
104 67
92 66
106 67
117 68
93 65
104 69
93 65
101 71
114 71
95 65
87 67
102 67
103 69
97 66
98 71
107 69
88 61
87 65
90 67
105 68
115 71
108 69
108 66
96 66
109 73
90 66
89 65
91 66
121 75
98 68
87 65
89 65
95 66
97 65
105 66
104 63
103 69
98 67
115 66
97 70
91 68
100 65
98 64
100 65
95 72
97 67
116 74
92 65
106 73
93 69
87 67
94 64
105 63
103 65
85 68
90 66
101 66
89 65
100 66
89 65
88 68
89 63
101 69
90 68
99 68
96 68
88 68
84 68
91 63
103 68
100 65
104 67
93 67
102 67
89 65
108 65
92 62
105 69
96 66
97 67
106 73
89 67
98 62
92 62
85 68
100 68
98 67
99 63
100 65
90 67
100 66
102 69
101 64
103 67
114 73
102 72
98 69
102 69
95 65
98 63
94 67
100 63
91 65
100 71
93 63
101 68
89 65
97 69
89 65
94 63
94 66
98 67
93 67
102 65
92 69
89 65
103 71
97 67
87 66
97 69
97 66
115 72
105 66
93 68
91 67
91 72
94 61
98 66
96 65
112 72
97 68
102 64
95 64
107 66
97 66
108 66
94 71
113 72
92 66
87 65
87 66
95 67
92 64
104 67
88 68
101 67
93 65
99 68
89 65
114 69
107 69
92 69
90 71
114 75
90 68
89 67
92 62
91 65
85 68
108 64
89 71
92 63
103 69
88 67
88 67
90 71
88 65
103 68
102 67
90 68
94 62
89 71
99 67
97 64
122 66
102 63
99 67
89 65
109 73
108 69
90 66
97 66
93 65
104 67
98 68
111 64
99 68
92 67
103 68
94 65
100 65
94 68
92 68
88 67
101 63
93 67
107 66
91 62
100 66
103 73
93 67
90 68
113 65
95 70
91 63
94 63
99 64
98 67
99 67
104 64
92 62
107 67
100 63
91 66
95 67
112 65
90 68
95 62
96 67
112 68
97 66
99 67
106 68
104 63
103 70
102 61
90 66
104 68
95 62
93 63
95 67
99 68
94 68
107 66
101 64
94 63
92 63
96 64
93 67
94 63
93 70
100 68
103 67
102 70
106 71
97 66
92 65
109 72
89 68
92 65
108 69
95 67
96 65
94 65
100 62
95 64
86 68
100 68
97 66
103 68
94 70
105 64
97 68
97 65
107 69
90 68
98 63
91 66
87 65
91 66
97 68
98 70
93 65
92 67
87 66
99 69
91 67
106 70
89 65
111 66
103 71
95 70
122 73
89 65
105 63
84 68
90 71
96 66
115 73
113 74
103 68
98 71
84 68
92 66
92 70
91 65
110 71
94 65
104 68
96 68
87 66
111 60
98 64
88 64
91 69
103 64
100 69
88 68
113 65
96 67
90 66
101 68
84 68
95 64
103 65
99 63
93 67
109 65
95 67
89 65
99 62
91 62
104 67
95 65
89 65
103 71
92 67
102 71
104 66
89 65
100 68
92 67
101 66
90 68
100 64
92 62
101 63
92 69
92 66
92 64
90 71
113 66
97 71
96 62
132 71
99 67
98 67
97 65
108 74
96 65
101 69
91 69
121 67
95 64
87 66
94 65
93 72
101 67
94 63
90 67
91 68
106 64
105 68
106 64
99 65
96 66
101 69
103 70
90 68
103 65
100 65
110 70
100 70
103 73
96 70
98 69
101 68
96 72
105 68
111 70
97 66
100 63
96 64
94 68
91 67
92 69
99 68
103 69
88 70
108 68
96 71
98 70
105 68
93 67
93 63
98 70
89 65
86 64
97 65
108 68
98 69
107 67
101 68
97 67
100 65
89 71
108 67
97 64
89 63
99 70
94 65
100 64
89 63
99 72
92 64
101 67
92 62
100 64
97 65
105 67
103 67
100 68
95 73
117 68
103 63
104 66
99 68
106 65
97 63
95 64
87 67
102 64
87 67
102 64
89 65
95 62
89 65
98 62
97 70
94 68
98 69
109 71
86 69
90 66
96 64
89 65
105 74
105 70
97 65
100 66
95 67
91 66
106 71
103 68
109 68
104 68
98 69
91 65
93 67
106 67
90 63
96 69
90 66
105 72
105 69
103 64
97 65
91 65
100 67
100 74
104 66
99 70
99 64
87 64
105 67
93 68
104 64
106 67
103 69
110 71
106 66
91 67
94 64
104 68
85 68
96 66
95 67
97 68
110 66
105 66
95 69
100 63
106 67
92 66
101 73
98 66
91 66
86 68
90 65
93 66
102 64
90 65
97 68
107 65
92 65
100 66
113 68
99 65
105 73
89 65
91 66
102 67
105 71
109 74
100 68
94 68
97 68
95 69
96 68
91 63
84 68
94 69
92 62
97 65
88 67
92 66
107 70
115 68
113 75
106 67
90 67
102 63
92 67
90 66
100 63
109 68
109 66
99 64
109 71
89 65
97 66
115 71
106 67
94 70
102 64
99 66
102 71
110 71
99 67
90 66
96 71
93 63
98 67
93 65
89 71
117 68
104 69
111 68
92 63
95 65
87 64
105 64
90 68
100 66
88 64
108 70
88 66
98 65
91 67
89 68
92 62
89 65
90 63
121 70
97 69
96 67
88 70
109 70
92 66
101 69
100 64
105 66
97 65
96 64
88 68
110 71
89 65
100 70
88 61
104 62
95 65
93 65
90 66
97 68
92 66
90 65
95 64
94 63
105 69
90 68
103 70
89 65
92 68
95 67
97 64
103 70
96 64
90 67
98 72
91 67
113 65
91 65
94 68
89 65
102 67
89 63
89 65
92 66
93 66
93 66
90 68
93 67
99 64
98 70
104 73
100 64
102 66
90 66
94 65
99 65
90 63
107 67
100 68
96 62
100 63
124 68
94 65
91 66
99 66
103 64
110 65
97 70
95 65
102 69
92 67
117 69
97 68
100 66
100 66
96 64
90 66
88 67
93 69
100 65
84 68
104 67
92 63
103 68
95 71
93 66
93 66
105 67
92 69
97 63
97 66
106 66
91 62
95 67
96 63
99 65
103 68
88 61
93 66
89 65
101 71
96 68
97 73
90 68
105 63
92 67
106 69
87 67
97 64
90 67
116 66
94 69
90 65
100 72
94 63
97 64
91 66
97 71
93 66
90 68
98 63
97 65
116 67
91 69
98 69
105 68
98 63
102 69
89 65
99 65
109 70
92 67
92 67
89 65
111 71
92 70
105 66
95 62
91 72
90 65
101 64
92 64
95 63
103 65
91 62
104 66
99 61
96 69
110 65
101 64
99 68
97 65
93 67
93 66
96 66
106 65
90 67
104 66
108 63
100 64
97 65
96 67
100 66
94 61
90 67
94 65
98 69
87 66
96 69
99 67
118 65
97 65
109 72
92 65
101 67
118 70
90 68
109 62
111 73
91 62
90 67
92 63
96 62
103 63
91 67
99 67
101 61
95 65
103 66
94 63
94 65
105 71
106 67
105 69
95 67
92 67
90 66
103 69
99 64
111 70
90 67
100 68
91 63
89 70
91 65
105 71
113 70
108 69
99 67
104 66
104 69
94 62
105 67
94 63
89 67
104 69
93 66
99 66
97 66
92 63
89 65
95 65
100 66
92 65
95 64
97 68
107 70
114 70
89 65
91 66
94 71
92 62
88 70
102 67
89 65
92 62
100 65
89 61
86 69
91 67
97 69
90 63
89 68
99 67
99 67
97 66
90 65
91 62
102 66
100 70
101 64
97 71
91 65
104 61
90 63
101 65
86 64
98 66
91 65
90 62
90 67
101 63
99 68
107 70
102 67
114 70
98 71
89 66
84 68
96 68
89 67
91 67
91 67
103 67
92 64
92 64
97 62
94 67
89 65
89 63
103 64
98 63
120 68
102 67
112 70
94 65
107 66
116 69
97 73
91 68
91 63
87 66
107 65
101 63
93 68
88 61
90 66
107 68
103 72
93 67
103 63
111 64
90 68
125 74
95 63
111 67
104 64
104 64
131 76
90 68
95 66
91 64
92 65
97 63
97 68
95 68
91 63
100 72
108 64
95 62
102 67
103 66
90 66
96 69
96 65
89 63
92 67
92 64
109 68
103 65
130 78
90 63
92 62
100 66
107 72
86 68
98 63
95 64
94 65
99 64
93 66
107 67
89 65
101 63
105 66
87 64
100 63
97 68
109 66
96 65
97 66
88 67
115 71
88 61
113 62
96 71
90 69
105 67
107 65
101 69
104 70
89 65
95 69
103 69
106 66
96 62
106 67
98 67
99 71
108 70
87 65
100 64
109 65
110 71
99 70
97 65
92 67
112 73
96 66
93 70
96 67
114 69
95 67
93 66
101 64
93 63
100 67
103 67
91 63
90 68
90 68
91 66
95 64
97 65
90 71
102 69
109 70
97 66
89 65
105 73
93 68
91 66
104 63
100 64
97 67
94 69
93 71
99 70
96 66
97 67
105 70
90 67
99 67
101 66
98 69
93 63
92 63
110 68
98 65
101 68
97 68
94 66
90 66
102 65
102 67
91 66
89 71
104 71
94 64
104 66
89 71
88 67
103 68
101 71
104 67
94 71
93 63
96 71
91 66
92 69
100 66
87 67
107 68
94 64
100 67
105 68
91 67
101 71
92 63
105 65
105 70
90 66
92 70
88 68
110 71
89 65
112 64
96 67
89 65
90 65
93 63
101 69
84 68
92 67
95 70
108 64
93 72
104 64
98 65
95 68
92 62
91 62
99 69
97 60
91 62
90 62
102 66
111 65
91 68
98 67
92 66
96 62
101 69
96 68
86 64
89 68
107 66
98 64
93 66
91 67
105 66
96 66
98 65
88 61
90 68
100 62
84 68
97 67
105 69
106 70
89 63
88 70
89 71
95 66
105 62
89 67
102 67
105 63
88 69
99 72
117 66
89 65
105 63
96 64
110 67
89 65
115 71
95 64
97 66
106 63
109 68
100 64
84 68
99 64
104 65
101 69
97 65
90 65
96 66
102 67
91 66
107 72
101 64
89 65
95 62
102 63
114 72
91 62
104 63
92 70
103 73
108 63
87 66
93 66
96 63
101 66
100 64
93 63
94 66
98 68
91 65
88 68
100 69
105 66
89 67
91 65
97 66
93 67
107 68
100 64
89 68
91 68
89 71
96 67
100 66
104 69
113 65
100 67
91 65
108 70
108 75
99 70
92 65
97 67
84 68
93 65
87 65
99 64
93 65
100 65
98 71
88 70
90 68
96 65
92 66
91 64
110 71
96 66
102 66
104 73
106 67
100 64
105 67
110 66
109 65
87 65
118 73
99 68
100 63
105 62
98 70
97 63
90 66
92 65
99 65
110 69
92 66
106 69
99 69
106 67
110 66
100 66
96 67
95 71
92 66
113 70
103 64
89 65
103 66
94 72
90 67
98 66
107 63
109 67
100 67
89 71
93 67
104 69
87 67
96 62
95 71
97 65
110 71
95 70
90 71
96 69
89 65
107 68
93 64
100 65
97 64
96 70
84 68
102 69
116 78
91 62
107 66
102 66
90 68
96 68
115 72
107 66
95 68
91 67
101 72
98 70
89 65
101 68
100 70
93 63
93 65
97 64
101 68
91 69
92 66
92 66
91 63
96 67
93 67
91 63
90 66
98 65
88 61
91 66
95 67
101 64
91 69
94 68
93 66
89 65
96 67
92 64
89 71
90 71
90 66
86 64
106 68
116 71
99 65
113 69
87 65
92 65
99 68
93 68
93 68
95 65
93 67
89 65
102 73
94 65
89 68
90 68
100 67
109 68
89 68
85 68
100 72
114 67
96 66
102 70
105 69
91 67
95 63
89 63
102 66
100 64
89 68
92 66
101 66
102 70
92 62
99 67
100 71
100 66
98 68
84 68
119 70
101 67
95 64
95 66
92 69
107 67
92 64
89 71
94 69
100 69
116 70
113 69
119 73
92 66
88 61
92 64
92 67
105 67
106 72
96 67
96 68
88 68
90 68
92 62
90 65
89 65
92 67
85 68
93 69
93 63
89 65
92 66
100 69
111 66
94 69
107 64
96 67
103 67
104 66
90 66
94 67
96 70
98 68
97 66
104 64
94 61
91 66
106 68
93 68
96 63
88 64
93 63
110 72
89 65
84 68
98 69
89 65
101 64
115 66
109 66
96 62
86 69
90 66
101 64
96 67
101 65
105 66
84 68
91 64
98 65
101 74
92 67
100 64
104 66
92 64
94 68
100 68
91 65
91 68
97 66
89 65
117 75
91 65
89 63
93 65
88 61
92 66
100 67
107 69
102 71
92 66
92 63
89 65
92 70
92 65
90 68
93 65
114 73
104 71
86 64
85 68
100 67
92 66
91 63
98 69
96 68
101 68
118 67
91 66
96 62
86 64
91 64
113 70
91 68
93 65
98 72
92 69
86 68
102 70
98 72
98 63
113 70
104 71
94 65
92 71
99 65
107 71
90 67
90 71
96 62
90 63
100 69
104 65
107 68
95 62
102 64
93 68
102 64
87 67
108 64
100 67
101 66
108 67
104 70
100 64
110 66
92 66
100 65
91 64
100 69
102 66
90 71
87 68
100 63
91 64
93 67
108 68
107 72
91 66
101 66
100 65
97 68
112 69
91 63
92 67
108 66
96 65
96 62
90 65
100 65
100 66
97 68
119 75
103 66
90 68
86 64
92 68
98 66
105 69
90 68
114 70
91 63
93 67
90 68
100 65
94 66
106 72
93 67
109 70
123 69
100 67
93 67
95 67
101 67
106 68
96 66
105 71
102 64
107 67
94 63
96 62
104 66
87 65
97 64
98 67
102 67
104 67
87 66
101 67
98 64
102 67
94 64
102 71
113 66
91 65
90 66
91 66
87 67
108 70
102 63
100 67
111 66
107 73
100 66
94 67
102 67
99 68
100 71
107 71
84 68
97 64
90 65
96 66
88 68
90 66
87 64
89 67
100 66
100 67
109 70
106 65
117 67
100 68
119 75
104 66
91 66
110 71
103 69
103 72
97 64
89 68
93 65
96 67
105 68
103 68
92 67
89 65
112 69
97 66
97 68
93 67
92 67
103 70
100 70
92 65
94 67
106 70
108 69
116 66
105 68
89 65
89 65
92 64
106 67
91 69
108 66
113 70
99 68
102 68
90 66
96 66
103 73
94 65
102 63
96 71
101 68
98 68
104 62
91 62
92 66
101 73
91 67
91 63
91 66
101 71
96 71
99 69
98 69
103 63
130 76
100 67
98 69
106 65
110 68
113 66
93 70
85 68
114 73
92 67
107 72
94 69
90 68
89 65
98 68
97 65
91 71
92 63
88 68
93 66
100 63
88 64
113 64
90 66
100 66
120 70
109 68
101 63
99 65
95 66
106 67
92 63
96 66
96 70
119 68
91 72
92 68
106 71
87 67
106 67
103 69
101 62
112 69
92 65
93 65
100 72
97 64
90 65
109 69
88 64
109 66
105 75
98 65
98 72
90 66
89 67
100 67
96 62
92 71
94 64
107 68
101 66
97 67
103 67
94 71
101 67
100 70
99 65
89 69
89 67
92 66
93 68
89 65
101 65
101 67
102 69
99 67
96 68
92 67
86 68
88 68
91 69
100 73
103 72
111 70
102 70
100 66
93 65
96 66
105 65
113 70
91 65
92 65
91 68
94 65
91 65
91 67
100 66
97 71
111 72
99 64
91 66
98 65
106 62
91 67
101 68
106 70
91 63
93 65
119 70
94 62
89 66
104 72
99 63
99 63
112 65
91 62
97 70
87 67
98 67
104 70
101 69
101 65
91 71
121 73
86 64
84 68
89 71
113 70
96 69
104 65
109 69
101 64
89 65
99 72
89 65
108 72
100 74
92 62
118 72
101 64
110 70
92 67
94 65
101 64
106 66
92 62
99 67
107 70
110 70
106 69
122 68
92 62
92 65
108 67
94 65
94 69
106 75
90 69
87 67
91 69
95 70
100 63
91 63
89 61
97 67
90 68
98 65
107 71
103 72
90 68
98 67
89 63
88 61
101 67
90 63
113 64
93 72
105 64
110 67
90 71
90 66
110 66
100 72
89 65
89 71
100 69
97 68
89 65
91 65
93 63
99 69
103 73
91 67
102 67
106 67
102 65
107 70
99 64
94 65
94 68
92 62
89 71
93 65
106 71
111 69
89 65
85 68
102 67
94 68
94 63
100 70
91 66
90 65
90 66
98 63
100 68
87 67
101 67
96 67
110 64
104 72
92 64
98 66
116 74
98 73
105 67
100 64
105 67
102 67
91 68
88 61
89 65
91 65
89 71
93 65
97 66
102 68
97 64
99 70
107 60
103 68
96 70
97 66
111 70
95 68
95 71
84 68
107 68
101 65
94 69
96 72
94 66
94 63
89 65
87 66
105 71
97 74
104 66
101 68
105 64
93 68
90 65
107 69
91 63
99 65
109 64
108 67
93 63
108 75
92 66
119 74
97 64
104 73
107 65
103 65
89 68
97 65
102 70
109 68
106 65
91 63
96 67
98 63
90 68
90 68
100 70
101 68
91 66
104 66
104 70
101 64
97 70
99 68
104 72
90 68
114 77
106 69
95 63
105 62
106 72
89 61
95 66
99 68
93 67
90 68
100 70
93 64
88 67
92 70
95 64
87 67
96 63
98 67
105 67
89 65
89 65
97 65
98 68
93 65
95 69
112 71
90 66
96 71
89 65
97 67
115 66
95 70
100 70
109 73
113 75
98 65
104 67
92 62
99 68
114 65
96 67
92 66
120 68
93 64
114 68
92 63
94 65
97 68
93 67
93 68
93 68
94 62
93 68
87 65
106 64
113 72
127 74
105 63
98 70
104 63
86 64
88 68
95 62
92 67
86 68
91 67
106 69
91 72
111 69
104 69
89 65
88 68
95 67
105 69
99 70
92 63
84 68
97 69
87 66
97 63
95 70
90 65
92 66
87 66
98 68
104 64
91 66
93 66
115 69
92 65
90 66
102 69
91 69
102 66
86 68
108 68
124 71
100 66
92 71
92 62
92 66
100 66
95 70
98 66
118 74
100 72
108 67
90 66
97 65
103 68
93 63
96 66
97 68
106 66
88 66
101 70
100 66
97 66
84 68
98 61
92 63
100 70
84 68
106 68
93 67
95 63
99 66
93 65
106 69
99 68
100 66
97 70
117 68
117 76
91 63
101 69
84 68
104 66
97 65
103 70
99 72
96 67
97 66
92 67
89 67
108 70
114 68
90 67
104 70
94 72
99 65
90 66
93 67
94 66
106 70
107 67
99 66
96 62
98 70
94 65
90 65
90 71
97 62
103 67
96 69
107 67
95 63
89 71
87 65
112 65
93 68
105 65
94 64
89 65
106 63
105 69
96 68
105 66
101 64
84 68
96 66
94 69
101 64
97 68
105 69
108 71
117 73
97 64
91 64
88 61
115 68
98 69
99 68
94 65
90 66
89 63
97 63
104 66
96 66
99 66
94 64
95 67
93 65
106 66
93 68
90 67
101 65
92 67
93 68
98 64
92 63
100 66
100 64
97 67
102 67
96 69
89 65
89 65
105 62
91 66
112 71
84 68
93 65
99 67
102 68
92 63
90 67
102 72
89 68
106 69
90 70
89 66
100 67
96 69
104 65
100 63
95 67
96 67
99 68
89 65
92 67
100 66
86 68
86 68
97 68
101 72
92 63
112 65
96 67
93 66
93 63
92 65
102 68
93 65
94 65
90 69
89 68
97 68
89 68
90 66
84 68
107 70
103 70
94 65
116 69
89 68
103 64
89 71
104 69
101 69
94 68
107 68
94 68
97 66
94 68
98 69
97 67
99 74
95 69
93 72
98 69
95 72
89 65
107 69
89 63
96 68
110 65
104 66
94 64
102 71
110 70
112 69
98 63
87 66
94 65
108 66
102 71
100 64
88 67
98 64
103 63
117 67
102 71
117 68
92 65
98 65
104 74
95 63
103 69
93 66
93 66
110 71
94 66
84 68
121 74
103 66
89 63
86 68
93 66
93 67
105 66
105 67
96 62
109 69
94 68
94 71
104 71
88 66
100 64
97 70
111 67
105 64
92 64
84 68
104 70
92 63
115 71
87 68
92 62
90 65
91 66
91 62
92 65
87 65
92 62
101 66
103 63
101 66
103 69
88 68
92 67
102 66
107 70
92 67
103 72
98 63
104 62
114 66
97 61
105 71
99 67
93 67
101 69
98 66
97 64
116 73
95 66
99 68
99 70
97 68
109 68
92 63
98 68
97 69
88 67
90 67
89 65
90 66
91 62
86 69
105 74
96 65
92 65
89 65
99 65
90 66
112 66
90 69
94 64
99 66
101 66
88 61
90 66
105 65
111 68
96 66
92 63
104 65
95 63
95 66
89 65
112 65
90 67
96 62
91 62
92 68
103 67
106 64
85 68
100 68
89 68
101 73
96 63
99 64
91 68
92 62
93 64
97 68
110 67
87 65
94 65
89 63
103 65
90 66
97 64
103 71
99 64
95 66
98 66
115 68
89 68
112 68
105 67
117 71
108 68
90 68
92 64
115 70
95 72
90 68
100 64
95 66
98 68
86 69
92 62
88 66
110 70
92 63
100 64
97 65
102 68
84 68
89 65
100 64
106 70
106 68
104 69
94 65
118 68
102 64
100 63
91 68
94 63
97 69
91 67
104 68
96 66
100 71
93 65
105 66
103 66
89 71
99 67
91 64
98 66
94 70
88 68
94 65
98 64
97 65
90 66
91 67
105 70
100 65
90 62
97 67
102 67
94 62
112 68
100 65
89 65
92 62
95 65
101 67
94 63
110 71
94 69
95 65
93 65
92 66
100 69
92 67
105 66
91 67
89 71
99 68
102 72
108 73
95 62
115 70
99 65
102 67
97 72
95 62
93 66
98 65
97 68
119 72
103 67
95 63
96 66
100 62
90 69
116 67
101 68
97 71
84 68
109 69
97 66
101 63
98 66
91 66
122 74
91 65
102 66
107 67
101 65
106 66
92 66
90 66
99 69
90 65
97 64
96 68
90 67
95 67
96 65
105 64
98 65
101 69
112 68
99 71
96 68
86 68
93 67
93 65
95 65
96 69
90 66
98 67
94 63
103 69
94 69
90 66
100 68
107 74
95 66
101 70
92 62
94 63
91 68
103 66
97 66
85 68
105 71
91 63
89 65
92 66
109 69
105 69
111 69
96 66
90 66
99 64
90 67
118 68
105 66
98 65
98 63
106 70
107 69
88 66
95 70
98 66
89 65
91 63
86 64
101 67
97 66
106 66
101 68
102 72
93 66
86 64
102 72
94 66
102 68
102 68
127 76
95 69
102 69
90 62
96 62
92 68
97 73
84 68
89 63
103 66
92 65
98 66
100 63
95 64
101 66
89 65
102 63
97 66
117 70
95 65
84 68
85 68
108 71
93 66
114 69
91 68
93 67
94 72
97 63
94 65
90 69
107 64
99 64
91 68
92 71
90 65
97 64
92 65
96 66
106 65
92 71
100 65
89 67
115 68
114 70
104 70
107 69
92 63
89 71
100 63
101 70
108 65
91 67
104 64
98 66
120 73
102 65
90 63
100 64
97 64
98 67
101 63
106 66
84 68
118 69
104 66
103 70
89 65
104 69
96 64
92 67
86 69
98 63
97 68
89 67
100 67
112 70
110 72
90 65
99 64
88 70
111 66
114 73
99 65
90 66
92 65
91 66
106 73
95 67
92 62
92 67
90 65
85 68
99 64
91 65
108 70
93 66
87 64
103 69
101 68
89 65
97 64
111 68
92 62
107 64
94 62
93 65
108 68
120 71
96 62
88 70
90 71
92 69
108 68
86 64
104 67
96 62
116 71
100 63
110 66
89 71
98 67
96 66
99 65
89 65
99 69
114 69
103 68
103 67
97 64
93 68
109 67
113 69
106 67
102 65
85 68
105 72
97 60
95 62
103 72
86 69
98 70
86 68
97 69
99 67
95 63
109 73
97 63
100 62
100 71
102 66
91 67
97 72
90 65
91 68
90 64
98 68
102 76
101 68
110 64
106 70
121 71
110 68
99 64
89 63
95 68
101 67
100 67
88 67
92 62
104 72
101 69
92 63
90 68
97 67
92 67
89 65
115 67
86 64
89 63
100 62
111 70
95 64
100 66
98 70
90 67
91 66
102 63
100 71
98 65
102 64
102 65
90 68
123 72
90 68
94 64
99 67
91 68
102 71
99 64
107 71
90 71
96 69
84 68
97 67
110 64
90 68
109 68
96 68
108 66
116 69
96 62
101 68
96 69
114 66
101 68
104 66
95 67
90 66
99 67
94 65
92 63
109 70
103 64
105 66
97 62
104 70
96 66
90 65
93 67
113 68
100 71
106 66
92 65
91 65
89 68
113 73
106 71
101 73
99 67
90 63
87 66
96 66
99 63
106 70
86 68
97 64
95 64
100 64
97 64
111 67
97 69
89 65
100 64
104 63
111 70
84 68
103 67
90 66
90 68
94 62
98 62
103 68
90 66
85 68
89 63
92 67
103 70
106 67
102 71
104 71
90 69
91 66
87 65
90 67
98 69
90 63
100 66
98 64
106 64
102 67
102 65
87 65
92 63
96 62
100 66
104 65
91 68
107 67
91 67
118 73
91 67
99 65
88 66
96 64
102 71
103 70
96 69
97 69
99 71
92 62
91 65
91 62
94 69
90 66
97 67
92 67
92 67
84 68
111 73
94 65
94 65
100 71
94 62
110 71
86 69
98 66
100 67
102 62
96 69
92 66
94 65
93 65
95 65
97 73
106 67
106 68
110 68
92 62
95 70
97 62
100 66
92 63
104 63
105 75
89 71
100 64
98 67
94 65
101 70
97 63
89 65
111 69
89 65
90 65
89 65
100 63
90 66
100 64
97 65
93 66
97 67
102 72
89 67
96 71
112 66
104 67
111 69
101 64
93 71
86 64
96 67
93 64
101 68
108 64
90 67
99 67
89 63
102 68
100 63
106 71
127 76
96 70
116 66
99 67
93 67
86 64
101 69
100 64
94 64
90 65
101 70
106 64
97 66
86 68
101 73
91 68
96 66
103 64
92 63
95 66
88 66
91 66
92 62
121 68
85 68
92 66
96 68
90 68
104 67
92 63
93 63
91 65
92 66
95 67
93 67
92 67
96 66
89 65
97 66
100 66
115 71
89 65
105 71
91 66
97 68
92 65
89 65
93 65
92 65
91 66
92 63
90 66
102 66
98 71
90 66
103 70
89 71
97 64
105 67
109 73
107 68
92 63
108 67
103 66
86 68
90 68
93 65
87 68
84 68
102 63
86 64
89 65
96 68
93 66
89 65
113 65
114 68
93 66
91 64
95 67
104 66
115 69
104 67
102 69
92 63
95 63
98 65
106 70
89 71
97 65
103 65
94 65
102 70
107 66
93 66
125 72
112 71
106 64
101 66
89 61
95 69
111 72
96 70
98 68
109 72
105 63
88 70
109 76
89 65
103 68
93 65
94 66
86 68
116 73
95 65
84 68
94 62
99 66
91 64
94 67
94 65
91 67
104 71
89 63
108 71
95 71
99 69
86 68
97 65
91 66
102 68
91 66
106 67
90 67
95 69
88 67
107 71
102 66
90 63
92 62
90 69
108 66
112 69
93 63
92 66
97 68
90 70
91 69
101 69
103 67
108 69
85 68
86 68
101 69
96 62
95 67
90 71
91 67
93 69
93 68
103 71
93 67
88 68
125 74
89 65
91 68
99 65
99 64
90 69
115 70
110 66
93 66
98 67
91 67
90 65
105 64
98 68
95 63
89 63
94 70
95 72
99 69
90 68
110 71
105 64
90 66
93 66
92 66
101 69
97 64
96 70
93 66
91 64
102 65
128 71
92 63
103 68
92 67
94 65
107 68
92 64
101 67
91 64
94 63
89 65
92 62
103 67
91 62
109 73
107 71
91 68
106 67
89 65
92 66
96 62
84 68
99 67
100 64
91 66
92 66
97 67
112 72
89 71
115 69
103 71
100 67
95 67
84 68
96 68
111 70
90 68
91 65
87 66
108 72
95 63
101 63
92 63
105 63
91 66
109 71
91 67
84 68
100 63
93 67
97 70
93 66
91 64
98 65
92 62
110 71
103 69
100 66
106 70
93 67
92 64
94 63
93 68
91 63
92 66
97 62
101 69
104 70
94 67
90 68
91 65
113 72
98 64
89 65
92 67
92 63
90 68
90 65
97 64
94 71
109 66
103 70
93 65
95 67
98 64
101 67
96 66
107 65
108 70
110 69
92 62
104 65
108 68
99 68
97 68
109 71
103 63
103 63
116 71
120 69
112 75
90 65
107 67
89 63
106 67
89 63
92 66
87 65
95 62
101 65
102 71
104 64
87 66
98 63
92 66
92 62
95 69
89 68
88 67
101 63
103 67
91 67
100 63
93 67
100 64
111 70
99 62
98 72
105 63
93 67
99 70
111 69
94 66
99 66
114 71
92 67
86 64
97 67
89 65
89 65
119 73
106 69
90 68
88 67
101 67
89 67
93 63
101 71
110 69
97 66
89 61
89 71
99 68
95 70
91 62
91 65
90 66
90 66
107 64
95 62
93 67
91 65
90 65
90 70
90 65
103 69
96 62
93 67
91 69
113 68
95 69
94 64
100 65
92 63
88 68
92 63
98 63
99 67
98 62
94 63
92 67
101 67
99 68
106 67
98 63
96 62
91 64
86 64
100 67
91 66
102 63
94 67
92 68
96 71
93 67
90 65
96 70
90 66
93 67
88 61
89 65
94 65
90 66
96 68
94 68
106 67
97 68
99 67
102 69
91 62
90 71
96 66
98 69
91 71
114 69
106 68
107 68
100 71
107 67
101 64
87 66
102 61
91 66
93 70
97 69
120 65
87 66
104 66
106 71
116 65
96 62
99 65
96 68
87 66
88 67
85 68
115 66
95 68
96 62
92 69
109 69
99 73
88 61
104 66
94 69
88 67
99 68
97 66
102 64
116 71
94 64
94 63
92 70
89 65
100 67
92 64
95 71
107 69
109 64
89 65
100 70
114 71
94 67
93 70
88 64
115 70
112 69
92 67
84 68
121 70
106 65
106 68
103 70
110 73
106 71
89 68
92 66
93 65
94 64
92 63
100 71
104 69
97 69
111 65
106 68
100 71
103 65
90 68
100 74
119 70
100 63
91 65
100 64
91 65
97 65
99 65
94 70
98 69
99 66
97 68
104 64
90 68
94 65
92 62
98 64
87 66
102 65
100 67
106 68
89 68
89 65
106 67
109 65
96 69
103 72
106 68
87 66
91 64
105 68
92 67
92 69
97 65
92 67
91 69
95 68
91 71
89 67
107 70
95 68
111 68
102 65
97 67
89 65
87 65
113 81
92 66
98 67
116 75
94 63
93 65
114 70
105 70
108 61
99 70
92 72
91 63
101 70
92 63
93 66
111 68
97 66
88 67
84 68
92 62
91 64
94 65
106 66
105 74
108 63
102 63
91 70
88 70
90 68
87 65
92 65
94 66
128 70
94 65
114 71
94 66
121 68
107 67
103 64
102 70
92 66
102 65
97 67
98 65
92 66
101 67
102 66
96 62
108 70
89 67
91 62
93 68
114 72
99 67
92 67
110 69
92 67
96 65
92 67
95 64
105 72
91 69
102 67
97 65
99 67
85 68
90 69
92 66
91 66
96 68
93 66
90 70
94 64
97 70
101 70
98 63
97 64
89 71
98 65
102 66
87 67
101 66
100 64
105 66
97 66
91 65
93 63
105 71
89 65
95 68
92 63
89 65
97 64
116 71
90 71
101 68
98 65
106 68
96 65
102 68
109 66
93 63
91 66
90 66
91 68
110 66
92 64
94 71
90 71
100 70
99 63
104 65
100 73
104 63
90 66
116 70
104 65
88 67
102 68
88 68
113 69
97 67
92 68
103 68
90 68
100 68
105 69
89 65
92 69
101 66
92 67
90 66
91 68
102 66
90 68
87 68
88 67
89 63
105 66
100 66
89 65
93 66
99 68
87 66
93 65
104 67
118 66
107 73
102 72
103 62
91 66
99 68
90 68
96 67
103 67
89 71
91 67
91 66
89 65
88 70
110 70
124 69
107 72
115 68
98 67
99 63
90 65
109 68
94 65
94 65
95 66
86 64
92 65
88 66
92 65
102 64
92 62
110 68
100 67
120 71
91 63
106 69
90 67
99 63
99 65
87 67
94 71
101 64
92 62
114 69
93 67
90 66
93 65
87 67
106 65
98 65
97 68
106 71
98 67
96 66
103 71
101 71
90 67
92 65
94 62
101 71
90 66
107 69
90 67
91 65
101 65
110 68
91 66
96 62
108 67
101 64
96 63
93 72
92 71
91 62
97 70
87 67
99 68
100 64
113 66
91 67
102 67
97 62
97 70
103 69
90 67
97 68
106 64
91 67
112 72
92 62
90 65
119 67
103 71
100 70
91 65
86 68
107 69
116 67
105 64
97 65
93 63
103 64
102 70
94 65
94 69
104 67
109 71
89 65
92 70
113 68
98 72
102 64
121 74
104 72
100 62
95 65
97 70
89 63
101 68
90 65
105 64
113 70
104 66
98 66
94 64
95 67
88 61
84 68
110 69
106 68
97 68
87 65
93 65
88 70
98 65
98 66
103 68
100 67
84 68
101 68
91 62
98 63
101 65
87 66
95 70
93 65
94 71
88 70
109 72
106 68
99 69
99 68
89 67
88 68
104 65
109 66
92 62
95 62
92 70
103 69
92 69
92 65
91 69
95 66
95 69
95 65
91 69
94 69
97 72
84 68
91 62
105 72
105 67
91 68
87 68
101 71
90 71
92 64
91 65
90 63
110 67
108 65
106 71
102 68
111 67
103 69
97 65
88 61
104 66
102 70
93 66
91 69
108 68
113 66
103 73
89 63
100 71
104 68
84 68
98 67
96 68
100 62
91 66
94 65
102 65
90 65
88 64
102 63
100 64
93 67
92 64
89 65
95 69
95 64
99 74
104 74
108 73
100 68
90 66
89 65
101 68
90 62
97 72
111 71
89 65
89 65
91 65
91 64
101 64
97 64
96 67
110 68
100 64
110 70
109 66
104 65
86 68
98 69
96 65
108 67
89 71
96 68
104 72
100 68
112 68
99 67
89 65
97 66
93 69
93 67
107 66
101 68
91 66
118 72
100 63
97 60
102 67
117 67
100 66
92 67
90 65
90 66
104 65
100 68
99 65
90 67
107 69
101 74
92 63
120 74
93 67
102 71
105 67
109 70
89 65
98 63
109 69
90 68
104 64
99 69
90 66
91 64
91 62
105 66
94 65
89 71
113 70
98 65
94 67
126 74
110 72
94 64
103 67
100 64
93 67
115 66
87 64
95 62
99 65
97 66
93 66
88 67
91 63
99 65
98 64
89 65
94 66
92 71
92 68
115 71
102 68
104 69
110 66
88 70
100 64
93 69
89 63
107 69
95 62
97 69
96 69
92 70
94 70
99 69
90 68
107 69
107 70
86 64
116 73
118 75
105 64
107 71
119 69
89 65
113 73
91 65
103 64
104 74
109 66
101 65
106 67
89 65
92 71
109 72
106 74
102 70
93 67
97 71
96 64
84 68
106 68
97 67
91 63
97 70
102 67
92 68
100 68
88 70
101 68
98 63
97 63
96 67
92 66
91 63
96 71
105 72
111 69
94 65
104 65
95 65
113 71
90 66
91 65
103 72
127 76
90 69
112 67
103 68
92 67
110 71
91 68
102 68
94 65
99 68
104 66
104 67
107 65
97 66
105 60
96 69
103 69
105 67
93 66
105 67
102 68
96 64
100 67
92 62
94 66
87 66
93 66
91 69
113 64
101 68
97 64
90 66
89 71
90 65
109 65
120 69
90 66
105 68
90 66
95 65
92 69
107 70
95 66
91 64
97 70
97 71
113 73
95 63
101 68
101 71
95 70
92 67
96 62
93 67
88 68
93 71
92 62
92 67
91 62
87 65
91 68
92 62
108 68
92 71
90 68
104 64
101 69
90 67
97 66
88 64
97 66
105 68
95 63
100 72
100 73
90 66
93 67
98 66
100 65
128 67
97 66
87 68
106 63
99 69
92 62
89 63
104 70
91 62
91 65
111 70
107 68
98 66
90 69
96 65
90 65
113 72
115 70
96 62
98 69
95 66
98 67
93 67
97 64
89 65
92 62
97 63
94 72
89 65
97 68
89 65
93 65
94 71
104 69
108 69
101 69
100 67
98 62
102 69
97 68
92 66
103 69
107 70
96 62
93 66
91 64
112 67
90 68
84 68
84 68
90 67
98 63
95 68
99 69
90 69
97 68
94 65
96 64
107 68
92 62
102 69
94 67
90 68
102 68
95 64
98 68
105 72
90 65
91 72
90 65
94 68
98 63
87 67
102 61
113 71
93 67
90 67
95 69
102 64
107 72
93 65
108 71
113 72
90 65
96 68
88 68
90 66
103 67
96 62
105 70
92 62
92 70
110 73
91 66
102 73
108 75
92 67
95 66
97 68
95 66
97 68
96 67
102 68
110 64
101 68
87 66
92 67
96 66
98 68
96 67
102 69
92 66
98 67
113 69
121 74
93 66
111 68
96 65
101 61
95 67
88 68
103 64
105 65
99 68
111 76
91 70
106 64
116 68
92 68
102 65
97 65
93 65
96 62
97 74
98 65
90 65
100 67
92 62
94 65
102 64
118 74
104 69
88 66
112 80
94 71
102 67
98 69
95 67
92 67
102 72
89 65
98 67
89 65
90 69
98 67
125 75
108 75
100 66
97 65
100 68
92 68
97 69
94 63
90 67
96 70
91 65
92 66
98 64
90 65
95 66
103 64
88 61
86 68
98 66
93 70
98 69
104 67
93 67
101 71
92 64
90 66
91 66
109 65
91 68
98 68
97 67
103 71
90 66
93 69
94 72
97 65
111 69
103 68
106 74
112 65
96 62
102 67
99 67
96 63
87 69
102 70
98 63
109 67
84 68
92 66
88 66
99 68
93 66
102 67
93 67
95 69
112 69
92 67
91 67
96 66
98 69
97 60
99 72
100 68
96 67
102 66
97 62
95 64
89 65
104 64
89 66
103 62
98 66
93 63
89 61
90 66
98 70
102 69
84 68
103 67
96 62
89 68
120 68
94 63
87 66
108 67
99 67
90 65
87 66
94 63
98 68
98 73
93 67
102 75
90 66
96 62
106 70
97 71
92 63
