48 31
38 38
59 39
42 35
38 33
42 34
46 33
38 36
46 32
42 34
44 36
38 33
38 38
46 33
42 36
50 30
42 36
49 39
60 41
40 38
42 35
38 34
38 33
51 45
46 30
42 34
42 36
42 34
38 36
42 36
42 35
48 31
42 36
46 30
40 34
42 34
52 33
42 31
42 32
54 38
50 36
40 35
48 29
40 35
42 34
48 33
48 37
42 35
46 32
38 33
42 35
38 36
42 34
42 34
46 30
38 34
42 35
48 40
44 36
46 30
38 36
42 35
44 34
46 33
42 34
38 36
42 35
38 38
38 37
38 36
42 34
42 34
42 35
44 34
50 36
44 34
46 34
55 43
42 35
42 35
47 40
46 32
46 32
42 36
38 38
46 34
48 33
46 30
38 38
42 36
38 33
38 33
38 36
46 34
42 34
42 31
42 36
43 40
46 33
42 35
42 36
38 37
38 34
42 34
49 38
42 34
38 38
44 36
38 34
42 34
44 33
42 34
42 31
46 32
46 33
42 34
42 34
42 37
46 34
44 35
42 34
46 34
42 34
42 31
42 35
54 38
42 31
46 34
38 33
38 36
44 39
46 33
62 41
51 39
38 36
48 31
46 32
46 32
46 34
46 32
42 31
38 36
42 34
42 35
38 36
46 33
42 34
43 41
38 34
46 34
55 40
46 34
49 43
38 37
42 32
42 34
42 35
42 34
54 38
38 33
44 36
48 33
46 32
46 29
46 34
55 39
42 34
42 32
46 33
42 35
58 40
42 34
42 35
42 35
38 33
44 33
38 36
46 32
38 34
47 38
38 36
46 32
46 33
42 34
51 38
38 33
57 34
42 34
48 32
38 36
38 36
46 32
46 34
38 36
42 32
54 39
46 34
42 32
42 36
42 34
42 34
46 32
38 36
38 36
42 35
59 38
48 40
46 33
50 32
42 32
47 39
46 38
50 39
46 32
42 35
53 40
42 35
51 39
38 33
46 34
48 34
42 35
43 38
42 36
42 35
46 32
46 33
46 34
42 34
46 33
42 31
42 34
53 36
42 36
38 36
44 35
46 32
42 31
58 46
46 33
42 35
46 33
46 34
57 35
46 30
46 33
44 34
38 33
54 37
46 34
38 36
38 36
46 38
42 34
48 33
42 34
54 41
45 37
38 34
38 33
46 33
48 33
46 33
42 34
42 35
42 35
38 33
46 32
38 36
42 35
42 36
46 36
46 34
41 40
38 36
51 39
42 31
46 33
42 34
42 35
46 32
42 35
38 36
46 32
50 37
53 41
42 34
38 36
42 35
46 32
42 34
46 34
38 36
42 34
42 34
38 33
42 32
42 34
50 37
46 33
42 35
46 33
46 32
46 37
46 37
38 33
38 33
46 32
46 30
42 34
42 34
46 30
42 34
46 33
46 34
42 35
38 36
47 36
38 36
46 32
47 39
42 34
48 31
55 42
42 34
46 32
38 36
46 30
44 34
50 36
38 34
44 36
42 32
42 35
49 39
38 37
46 33
46 32
42 36
59 39
44 37
48 29
46 33
42 35
42 34
51 41
45 37
48 33
58 41
46 30
42 36
46 33
38 33
42 31
42 36
46 33
38 36
38 33
38 36
42 36
42 35
48 37
42 31
50 35
48 29
46 30
46 34
42 35
42 34
46 33
38 36
42 35
54 34
42 31
38 34
38 36
52 36
42 34
50 36
50 31
38 37
38 38
48 32
42 31
42 34
44 36
38 36
38 34
47 33
38 33
38 36
42 34
38 36
46 32
49 32
50 31
42 32
52 32
48 31
42 35
46 32
46 30
44 37
38 36
38 33
38 36
47 39
48 29
42 35
38 36
42 36
46 33
42 35
38 37
52 37
50 35
43 40
42 35
50 41
50 33
52 35
38 33
46 30
44 33
48 34
44 34
48 32
38 36
46 30
42 34
46 32
38 34
46 32
42 34
51 36
42 34
46 33
46 33
46 33
46 39
42 31
42 35
46 32
46 32
49 40
42 35
46 32
46 29
42 34
47 35
46 32
48 33
46 30
42 34
46 30
42 34
42 32
50 35
42 31
41 38
48 36
46 33
51 40
44 33
42 34
46 32
46 33
48 31
42 34
42 34
50 42
42 34
42 41
38 34
42 34
42 35
55 43
38 33
48 33
46 34
46 30
48 33
51 38
46 32
38 37
46 39
38 33
42 35
53 38
42 34
46 30
44 33
46 32
38 36
46 32
46 33
42 36
42 35
50 36
48 39
51 33
42 34
42 35
46 34
46 37
38 36
42 35
46 30
42 34
46 33
46 33
44 34
42 36
46 32
38 36
50 33
54 40
42 34
44 36
40 34
54 37
42 35
42 34
50 40
59 43
42 34
48 29
44 33
42 34
50 36
42 35
42 34
42 36
42 34
42 32
38 33
46 32
42 34
44 34
44 33
38 38
38 33
42 35
42 35
46 33
38 37
46 34
52 36
51 39
46 32
42 34
38 36
46 33
42 32
42 31
38 36
42 35
38 36
42 35
42 34
46 34
45 41
38 36
46 33
38 36
48 29
46 33
46 34
38 36
42 36
42 36
38 36
46 30
42 36
42 35
60 40
42 35
46 34
46 30
54 44
44 33
42 32
46 33
42 35
46 30
38 33
42 34
38 33
42 36
42 34
46 33
46 30
49 39
42 36
42 34
44 34
42 34
38 37
42 35
44 35
52 36
42 36
42 35
42 34
48 33
44 34
46 34
46 34
46 34
46 30
44 40
46 34
38 36
43 37
45 37
46 32
38 37
46 34
44 34
46 33
46 42
53 37
42 35
42 31
42 35
48 33
42 34
48 31
38 33
42 35
48 32
42 34
46 32
54 36
46 32
42 35
46 34
52 37
42 34
38 34
46 33
42 35
42 32
58 39
38 33
38 33
42 35
48 38
46 34
48 33
50 32
42 34
42 34
51 36
44 37
42 34
46 33
42 34
46 33
38 33
42 34
47 37
53 36
44 36
46 32
47 38
46 34
46 33
46 33
46 32
57 42
46 34
38 36
38 37
46 32
45 39
38 36
38 33
46 30
42 36
55 40
42 35
38 36
52 37
46 32
42 34
46 34
46 29
58 36
42 35
41 39
38 33
46 32
42 35
38 33
42 32
53 35
48 33
42 35
44 38
48 29
58 41
42 35
42 36
38 36
46 29
48 29
46 34
46 32
44 33
55 37
42 34
42 32
46 33
42 35
46 30
46 34
42 34
46 30
42 35
42 36
44 35
48 31
42 34
46 30
55 37
38 36
38 33
46 33
49 41
42 35
38 34
38 33
38 33
62 42
42 34
52 40
54 38
46 33
42 35
38 37
46 32
44 35
41 36
42 36
46 32
42 34
46 32
46 32
42 35
46 32
46 33
42 31
46 32
42 35
46 32
46 33
49 40
42 35
40 38
46 30
48 33
42 34
42 35
42 35
42 34
46 30
51 43
53 40
55 39
46 30
52 36
54 36
52 36
46 33
47 33
38 34
44 35
47 35
38 33
42 40
42 36
42 35
42 35
42 35
46 33
42 34
55 36
42 35
42 34
38 38
42 34
46 33
50 42
42 34
52 35
42 35
46 33
52 38
46 32
38 34
38 36
46 33
42 35
46 34
42 34
46 34
49 41
52 39
42 34
54 36
42 35
42 34
48 37
42 34
42 35
44 33
38 36
42 35
42 39
42 31
38 36
42 36
48 31
42 34
41 35
47 39
46 38
46 30
49 41
56 38
54 42
38 33
42 35
49 39
38 34
54 35
38 34
38 33
46 32
38 38
38 36
42 35
42 34
48 29
51 39
48 32
46 32
55 35
46 33
42 34
45 37
42 36
38 36
42 31
42 32
46 33
42 31
38 33
38 36
38 36
42 36
42 35
46 32
42 35
42 36
38 33
50 38
42 34
38 33
46 34
54 38
38 33
42 31
45 38
42 34
46 32
49 39
42 34
38 36
38 36
42 31
38 36
46 33
42 34
38 36
46 30
42 35
42 34
46 30
42 35
42 34
46 32
38 33
42 35
38 38
48 33
42 34
42 31
52 37
49 43
46 34
57 37
48 31
42 34
46 33
42 35
48 39
42 32
44 33
44 34
42 35
42 35
42 31
46 32
46 33
42 34
46 33
42 34
42 35
48 32
38 36
48 39
38 34
38 36
47 38
51 40
42 34
54 37
42 35
44 39
48 38
45 37
38 37
38 33
47 38
53 39
42 34
48 31
42 34
42 34
38 36
42 31
46 34
42 31
47 38
42 35
42 36
49 38
42 35
46 32
49 41
42 34
42 34
38 37
42 34
38 37
42 34
38 36
53 31
44 33
38 36
42 34
42 36
50 36
46 32
38 33
46 34
46 32
47 38
42 34
46 32
42 35
38 36
42 34
40 35
48 31
38 36
44 34
38 33
42 34
42 31
40 37
42 36
42 34
45 36
38 33
46 34
42 34
38 36
42 34
42 35
46 33
55 44
46 30
38 36
42 34
47 38
52 39
42 37
38 33
46 30
46 33
38 36
46 30
46 30
48 32
54 39
44 34
47 38
46 34
46 30
38 33
38 33
38 33
42 35
50 37
48 31
46 33
48 39
42 36
42 31
44 33
42 35
42 35
46 33
42 34
42 35
46 30
38 36
38 34
47 39
42 34
42 32
38 36
46 33
44 34
42 35
44 33
38 36
46 32
46 30
47 38
42 35
52 35
58 42
42 34
42 34
50 37
44 33
38 36
46 33
42 35
42 35
46 34
44 34
50 30
46 34
47 41
46 37
42 36
44 33
46 30
44 35
50 38
46 34
42 34
46 29
46 33
38 34
42 36
46 33
56 38
49 41
42 34
38 33
42 34
42 34
52 35
57 41
42 34
38 33
38 36
52 40
42 35
46 30
46 32
50 36
42 35
42 32
42 34
46 34
38 36
46 33
42 35
38 34
46 34
46 34
51 36
44 33
40 37
46 33
38 33
38 38
46 30
48 29
46 34
60 43
46 33
42 36
42 36
46 33
46 33
58 35
42 35
46 34
42 34
46 33
46 32
43 40
42 34
46 30
42 31
42 34
42 34
48 34
46 30
46 34
38 33
46 32
56 39
46 33
48 33
42 32
42 36
48 33
46 30
48 31
38 34
42 31
49 35
46 34
46 32
42 35
46 32
38 33
42 35
48 32
46 34
42 34
38 36
38 33
48 35
48 32
56 42
54 40
38 36
48 31
38 34
44 34
42 35
55 38
38 38
42 34
52 36
40 37
42 36
49 41
48 32
54 36
51 36
42 31
46 34
46 30
47 38
46 33
38 33
44 34
38 37
52 36
46 33
42 35
48 33
46 33
48 35
38 33
42 34
42 35
42 35
46 34
42 35
46 30
46 34
46 33
42 35
46 33
42 35
40 38
42 34
57 36
53 43
53 42
38 34
42 36
46 33
38 36
46 34
42 35
38 37
42 31
38 36
48 31
38 36
46 33
46 30
38 36
46 32
42 31
42 35
52 37
46 30
42 36
47 38
38 33
46 32
42 34
42 34
44 34
44 34
42 34
42 34
46 32
38 34
42 36
46 30
48 32
38 36
46 30
46 32
46 30
48 31
42 35
42 34
42 34
55 39
46 29
38 36
42 35
46 34
51 37
48 31
42 34
46 30
42 35
46 32
42 34
38 36
46 30
46 33
42 35
42 32
46 33
44 33
42 35
42 34
42 32
38 33
44 35
42 34
42 34
51 32
38 38
42 35
44 33
46 32
44 36
48 33
55 38
48 42
50 42
42 34
42 35
42 31
46 37
51 41
40 37
42 31
46 33
46 29
42 40
43 40
46 32
42 35
47 36
46 34
53 37
51 39
42 36
42 34
41 35
42 35
46 33
38 34
38 36
42 36
52 41
47 39
50 40
46 30
38 33
50 37
42 35
46 33
38 33
42 34
53 39
49 35
46 33
42 34
42 34
52 36
46 33
42 34
38 33
46 34
42 35
42 34
38 34
46 34
46 33
46 34
42 35
46 30
46 32
42 34
58 38
42 34
46 34
38 36
46 32
48 31
46 34
46 33
42 36
46 32
42 31
38 36
42 36
48 31
43 40
42 34
46 34
50 36
54 38
42 35
46 37
42 34
46 37
46 32
46 32
42 31
46 33
42 36
48 34
54 38
46 32
42 35
46 30
38 33
38 33
46 33
55 41
42 36
42 34
45 42
42 35
42 35
46 34
42 36
42 34
38 36
42 35
46 32
50 37
38 36
51 43
42 35
46 33
38 36
38 36
46 34
46 34
50 33
46 30
46 33
42 35
54 36
42 35
38 36
38 36
42 40
42 35
54 44
42 34
42 35
38 33
50 43
46 33
46 34
48 40
38 36
46 32
44 34
43 40
50 31
42 31
43 37
42 34
42 35
38 36
48 29
46 33
51 44
42 36
38 36
38 36
46 30
42 31
46 33
46 32
48 31
46 33
46 34
48 33
44 35
48 31
46 33
46 37
46 29
38 34
38 36
38 36
42 35
42 36
46 30
42 35
46 34
47 39
44 34
42 34
46 32
38 36
48 33
38 36
46 33
48 38
46 32
44 35
38 36
38 33
46 30
42 36
53 39
46 33
48 32
44 33
38 33
46 33
42 35
48 31
38 33
38 37
46 33
41 36
42 34
54 39
42 36
42 35
42 34
46 30
44 33
42 34
42 35
42 35
46 32
52 35
42 31
42 35
38 34
42 35
46 32
50 38
46 34
54 40
48 31
44 32
48 33
42 34
46 29
46 29
46 32
46 33
50 36
38 34
38 33
54 34
38 36
44 37
46 33
51 42
42 35
38 36
38 33
46 30
42 34
49 39
44 33
46 32
38 36
42 34
38 36
38 36
42 35
42 31
42 35
38 38
42 34
38 36
46 34
46 30
38 38
38 36
46 30
42 34
52 36
42 34
42 36
46 32
46 29
46 33
55 34
42 31
42 35
38 36
44 36
42 35
42 34
38 36
40 37
46 33
42 31
38 34
42 34
38 36
40 39
46 37
42 36
48 29
48 37
50 35
44 33
53 37
38 36
46 33
42 31
42 34
42 36
42 34
46 34
58 43
52 36
42 35
42 35
46 34
44 33
46 32
42 35
55 38
42 34
46 30
44 33
42 34
46 30
42 35
42 34
42 34
46 30
42 34
42 31
42 35
48 35
50 32
38 33
42 34
48 29
48 37
38 33
46 32
50 33
42 34
42 35
42 32
42 31
42 34
42 35
42 35
38 33
46 33
40 34
42 35
44 34
48 39
46 33
42 36
42 34
46 29
46 32
38 37
38 36
42 35
46 33
51 39
48 31
46 33
46 34
38 38
42 39
38 36
38 37
46 30
46 33
46 34
46 30
42 34
46 33
38 33
46 33
42 34
61 37
58 37
46 33
38 36
48 32
46 32
38 36
46 32
51 37
57 34
42 34
46 30
42 35
46 30
38 36
42 35
46 33
48 37
42 36
46 30
42 36
38 37
46 33
44 33
42 35
38 36
46 30
46 34
48 38
44 34
42 34
42 35
46 34
52 34
38 34
42 31
46 34
38 36
42 35
51 40
42 36
38 36
42 34
38 33
42 35
52 39
49 35
42 31
38 33
42 34
42 31
42 35
42 34
38 34
46 33
42 35
38 37
42 35
42 36
42 35
53 36
42 35
42 34
46 34
42 36
38 34
48 32
55 38
54 40
46 33
47 43
42 34
42 36
38 33
48 33
42 36
52 37
44 33
46 30
46 32
50 30
46 32
46 33
46 34
46 30
46 32
49 40
46 30
42 35
46 32
42 35
46 33
43 40
42 39
46 37
38 34
46 33
42 35
38 33
46 32
38 36
46 34
46 34
54 38
42 35
55 35
44 35
43 37
46 34
56 35
44 33
48 29
45 39
42 35
38 37
42 34
42 35
38 33
42 34
38 34
48 38
46 32
46 32
53 39
42 35
46 29
38 36
46 32
44 37
46 32
41 36
46 29
48 33
44 33
38 36
46 32
40 37
46 32
46 32
52 37
52 36
46 33
42 35
56 41
42 35
42 35
44 36
46 34
42 34
38 33
49 41
46 33
42 35
46 32
52 39
46 32
46 34
42 31
46 33
46 33
48 32
42 31
42 35
46 30
38 33
42 35
50 40
42 36
46 32
46 32
42 35
51 39
46 33
51 40
41 36
38 37
38 37
42 34
42 36
42 34
44 39
46 38
42 31
48 39
42 35
46 32
44 36
42 36
42 31
56 41
42 35
42 34
50 37
42 34
38 33
38 36
38 34
42 39
38 34
46 32
42 35
38 33
38 33
48 31
42 35
46 33
44 34
38 38
46 30
45 35
38 34
46 34
38 36
42 31
38 37
42 34
38 36
38 36
42 35
42 31
42 39
45 38
48 29
42 35
46 34
38 36
42 31
46 32
44 39
42 35
42 35
42 34
42 34
42 35
38 36
42 35
49 43
48 34
46 32
50 40
38 34
56 36
42 35
46 33
42 31
38 37
46 33
46 30
59 36
46 32
44 36
48 32
42 31
48 33
48 34
46 33
42 36
42 34
42 35
44 34
38 33
38 33
48 32
42 39
42 31
42 35
44 34
46 33
54 36
51 33
48 33
42 35
44 33
38 36
42 31
48 38
52 39
47 37
42 32
42 35
48 31
42 35
46 34
38 34
49 38
42 34
42 36
46 38
44 34
46 33
42 31
48 29
44 36
42 34
53 45
44 34
46 33
42 35
46 34
44 34
42 36
56 41
44 33
46 32
42 36
46 32
46 33
46 32
42 34
46 32
38 33
38 36
42 36
45 38
46 30
38 34
42 34
42 34
38 36
62 49
42 35
44 35
42 35
46 30
38 36
46 30
42 36
41 38
45 37
46 33
44 36
42 31
46 33
48 31
42 35
44 33
46 33
46 32
46 32
38 34
42 36
38 33
42 36
42 35
42 34
38 36
46 32
42 31
46 32
46 33
46 33
46 32
38 34
46 32
43 39
46 34
42 36
63 42
42 34
42 35
46 34
42 35
44 33
42 36
46 38
46 33
38 36
44 33
42 32
48 34
42 36
46 33
50 40
42 32
42 34
48 33
46 32
42 35
46 29
50 34
42 35
49 37
42 34
51 35
46 32
48 29
48 32
38 36
48 32
46 32
42 34
41 36
42 31
46 33
42 35
46 34
42 34
48 33
46 32
42 35
42 31
46 34
38 36
48 35
46 34
42 34
42 34
42 34
46 33
42 35
42 35
42 34
42 31
42 34
42 34
42 32
46 33
42 34
46 30
38 33
42 31
42 34
38 36
42 32
53 37
51 39
46 32
42 35
42 34
52 40
38 37
48 29
42 34
52 36
46 33
46 32
42 35
46 33
42 34
42 36
38 36
42 36
38 36
42 32
46 32
38 34
47 39
42 34
38 36
38 34
46 35
42 36
53 37
46 34
42 36
38 36
38 34
52 36
38 36
38 37
38 37
50 36
42 34
42 34
42 35
38 36
42 36
52 39
53 42
46 34
47 38
44 35
46 34
43 37
48 32
46 33
44 34
38 34
46 30
46 33
48 34
42 36
46 34
59 38
50 36
42 35
38 34
42 34
46 34
46 39
42 35
56 33
42 32
42 35
38 36
46 33
57 44
46 32
42 34
38 33
46 30
46 33
44 35
53 37
38 36
42 35
42 36
48 33
38 36
38 33
44 35
46 34
38 36
42 35
38 36
46 32
46 34
46 29
46 37
52 39
45 37
42 34
46 30
42 36
46 29
46 32
50 45
46 33
46 32
48 33
46 30
42 35
46 32
48 31
46 30
49 44
42 31
46 33
48 33
38 36
42 34
42 35
51 32
46 34
42 35
44 36
42 36
38 34
42 34
46 32
46 34
42 31
42 31
42 35
46 34
38 36
46 32
38 36
38 34
42 35
42 35
46 32
42 34
38 34
44 34
52 33
46 33
46 33
46 33
49 41
50 40
42 31
42 34
42 35
46 41
42 31
38 36
53 42
53 33
44 36
38 36
50 40
42 34
38 34
42 31
42 36
46 32
46 33
52 33
42 35
48 33
44 34
42 34
42 36
42 32
42 35
46 30
42 32
46 32
42 35
42 36
40 34
42 35
46 32
38 33
42 35
42 36
49 37
47 39
42 31
42 35
46 30
49 41
38 36
48 34
42 34
46 32
42 34
46 34
41 38
50 40
38 36
38 36
44 37
42 31
46 32
42 35
48 29
52 36
49 34
38 34
42 36
45 33
38 36
48 29
42 35
46 32
46 33
38 36
46 33
42 35
42 35
38 36
46 34
38 33
50 35
53 40
46 38
38 34
46 32
46 34
46 32
46 34
46 38
46 32
38 33
46 33
38 34
46 34
42 35
38 37
38 33
38 33
38 36
58 39
46 33
42 35
38 34
48 32
46 33
38 36
42 34
42 34
38 33
42 34
46 32
42 34
52 41
42 34
38 36
46 33
50 40
46 34
46 32
46 32
44 33
38 33
38 34
42 36
42 32
46 33
42 35
49 38
42 36
46 34
48 32
42 34
51 40
42 35
50 38
44 33
42 34
42 35
42 36
50 37
42 35
53 42
42 36
48 32
38 33
38 33
42 34
42 34
46 32
55 38
46 35
38 34
38 34
46 33
46 30
47 37
38 38
46 30
46 32
42 34
38 36
42 35
44 35
46 32
42 35
42 34
46 30
43 35
48 33
42 35
46 42
42 35
42 35
42 34
50 37
38 36
44 34
42 34
42 34
53 36
43 40
44 34
42 36
48 31
38 33
48 29
46 33
42 34
42 35
44 34
42 34
42 34
38 37
42 35
38 34
44 36
46 30
48 31
46 34
42 35
48 38
42 34
38 34
46 32
42 34
42 35
52 35
44 33
38 33
50 30
51 37
44 35
44 33
46 32
46 34
46 34
38 33
46 33
46 30
42 32
38 36
42 35
38 33
48 29
46 34
38 37
44 35
46 33
42 34
42 34
38 36
63 44
42 36
46 32
46 32
46 33
46 34
38 33
53 37
42 34
53 40
42 34
42 36
42 32
42 34
42 34
42 35
49 38
46 34
42 32
42 34
42 31
48 31
44 33
56 37
48 38
49 36
38 36
38 37
41 36
46 33
42 34
42 36
42 35
42 34
38 34
52 37
53 37
44 36
54 38
38 36
42 31
44 35
46 32
48 29
42 35
48 33
38 33
46 32
42 35
46 30
56 38
46 32
42 36
42 35
46 33
46 34
50 37
42 35
46 34
38 36
46 32
46 32
38 36
38 38
38 36
42 36
38 33
42 34
46 32
46 33
38 33
42 35
40 35
44 33
42 36
42 32
46 33
46 34
46 34
38 36
38 36
42 34
42 34
46 33
49 37
38 36
38 36
46 34
46 34
45 41
42 34
38 37
42 34
48 33
45 37
38 36
46 32
46 33
46 32
46 30
46 30
42 31
50 32
42 36
58 36
38 33
46 34
38 33
42 35
38 36
42 34
46 34
46 32
42 34
53 37
38 37
38 36
43 40
42 34
46 33
51 38
46 32
46 30
42 34
46 34
46 34
38 33
48 33
42 31
46 30
42 36
49 41
58 40
38 33
46 39
50 40
38 38
51 40
38 33
42 34
50 37
46 32
38 34
44 33
46 32
38 37
46 33
46 33
48 33
46 30
46 32
42 34
42 32
42 32
52 43
42 35
42 34
42 34
38 34
47 39
42 34
46 32
46 34
55 40
42 34
41 38
38 37
46 33
42 34
48 38
46 34
51 40
42 34
42 31
44 33
42 34
46 33
46 33
44 35
46 35
41 38
46 34
46 30
38 36
49 33
44 34
38 34
42 34
42 34
53 33
42 35
46 34
46 34
46 32
51 40
42 36
38 33
42 32
42 34
38 34
44 34
46 32
42 34
46 32
38 36
42 31
42 35
42 34
46 33
49 39
44 35
42 35
45 39
42 34
46 33
42 34
53 40
48 38
42 34
47 39
50 39
46 30
41 36
55 40
52 33
50 42
46 32
42 34
46 33
42 31
59 39
42 35
38 36
38 36
42 36
46 30
38 38
42 34
42 32
46 34
49 38
56 38
44 33
42 36
49 41
42 35
46 34
42 36
46 39
59 43
42 35
58 36
42 31
38 36
49 38
46 30
46 33
42 35
42 32
38 36
44 34
44 34
38 33
43 40
46 30
46 30
38 36
38 34
42 35
46 30
46 33
46 32
42 34
42 35
47 38
46 30
42 32
46 32
46 30
42 36
42 34
52 36
42 35
40 35
46 34
46 36
43 40
46 34
42 35
42 34
42 34
42 34
48 36
46 32
46 32
38 37
46 32
42 35
38 36
46 32
46 30
53 42
46 33
38 33
46 33
38 36
42 31
50 36
38 36
45 38
49 35
42 32
42 34
46 30
42 34
38 34
38 36
46 34
42 34
46 33
46 33
55 34
48 33
48 35
38 36
42 34
46 32
46 32
38 36
42 39
38 33
38 36
46 32
48 32
46 33
38 37
51 32
38 36
42 32
42 34
42 35
38 34
44 34
46 34
47 37
42 35
42 34
46 34
46 35
38 36
42 34
46 32
46 30
47 34
42 34
48 38
46 34
44 34
46 34
42 39
53 40
42 34
46 33
42 34
42 36
42 32
46 30
46 33
42 36
46 33
38 33
48 33
42 34
38 34
42 35
42 31
46 32
42 31
46 33
46 33
42 34
38 34
42 32
49 41
46 33
46 33
42 35
48 39
50 35
42 36
42 36
44 35
42 34
42 35
38 36
46 33
49 40
38 36
42 35
42 35
46 34
42 34
42 34
42 34
46 32
40 38
42 31
46 34
42 34
43 36
38 37
56 37
46 34
38 36
50 33
38 33
46 32
38 33
42 34
38 33
38 33
42 35
55 38
38 36
42 34
48 36
42 34
38 36
53 38
42 35
38 33
48 31
42 34
46 32
38 34
46 33
42 35
53 37
48 29
46 34
42 34
38 38
44 33
46 33
46 33
46 29
38 37
46 32
46 33
38 34
38 36
38 36
46 33
42 35
46 33
46 30
44 34
42 34
38 33
42 34
41 39
38 34
46 33
38 36
42 35
42 35
44 34
42 36
42 35
46 32
44 34
42 36
42 35
46 32
42 35
42 35
42 35
46 32
42 34
38 37
38 36
41 39
38 33
46 38
52 42
42 34
42 35
42 35
46 40
43 39
42 34
46 34
38 36
46 33
46 32
38 34
38 34
46 32
42 35
46 37
38 37
46 33
44 36
49 37
38 34
46 34
41 39
38 36
42 35
38 36
44 34
51 45
42 34
42 35
49 39
38 33
48 31
46 30
46 33
38 36
42 31
42 35
42 34
47 43
42 36
42 32
42 31
42 34
42 34
38 37
46 32
58 41
48 32
46 32
38 34
42 35
40 34
46 33
46 32
46 33
42 34
46 32
42 34
50 39
42 35
46 32
38 36
44 37
46 34
47 40
56 35
46 33
42 34
42 35
46 33
46 33
42 35
42 32
54 40
44 35
42 35
50 39
42 35
42 31
56 38
38 33
46 30
46 32
38 36
42 34
46 33
46 30
48 31
38 34
42 36
48 31
46 33
42 36
44 33
42 34
44 32
42 35
56 41
42 34
38 33
46 32
44 34
46 30
44 34
46 30
46 32
46 33
42 35
42 35
49 35
38 37
52 40
43 37
46 30
41 36
42 34
44 34
38 38
46 32
42 35
42 37
38 36
42 34
42 34
54 38
46 32
53 38
42 35
56 36
46 32
42 36
38 36
44 36
42 34
46 30
42 36
38 33
46 30
46 32
46 34
46 33
60 43
42 35
43 37
46 33
38 33
54 37
42 35
42 31
50 41
38 38
51 32
42 34
52 39
48 32
44 33
46 34
46 32
43 38
44 34
48 31
53 37
40 37
46 32
38 36
48 33
38 36
42 36
38 38
42 35
42 31
48 32
46 34
46 39
42 34
52 39
46 30
46 37
48 32
46 34
46 33
38 34
38 33
48 31
46 32
38 36
42 34
42 35
52 37
46 34
42 34
43 40
38 37
50 36
46 30
46 33
48 31
48 32
46 37
42 35
46 33
46 34
42 34
48 32
46 32
38 36
42 36
38 33
46 30
46 33
45 36
46 33
46 33
46 32
42 36
42 32
46 33
42 36
52 35
42 35
42 35
42 36
44 34
42 36
38 36
38 36
56 36
57 39
42 34
42 34
48 33
46 30
38 38
42 35
48 29
38 33
51 34
48 31
42 35
42 34
38 34
50 33
50 44
46 35
46 32
50 35
42 35
44 33
48 33
38 38
38 38
48 32
50 40
38 34
54 38
44 34
38 36
53 37
50 37
42 35
38 36
44 36
48 38
42 34
46 34
46 34
38 33
46 32
46 30
48 34
52 41
46 33
44 33
42 34
38 36
46 30
42 34
46 33
48 32
44 34
42 36
44 34
51 40
38 33
42 32
42 35
46 33
38 36
38 38
42 39
41 38
38 36
46 34
42 35
38 37
46 33
46 33
42 31
42 35
42 35
42 35
46 32
44 35
42 35
51 38
46 33
48 29
38 33
47 39
50 36
47 35
38 36
46 33
42 35
48 32
53 37
46 30
46 32
38 36
46 32
46 30
42 35
42 34
38 34
38 36
50 40
42 34
48 29
42 34
42 36
42 34
48 39
38 33
46 30
46 34
42 35
44 34
51 37
48 35
42 36
64 46
38 34
38 37
50 35
48 33
42 35
59 35
44 34
46 32
42 34
53 42
42 31
42 36
44 36
42 34
46 29
42 31
46 33
46 33
49 42
54 35
48 43
38 34
42 32
42 36
42 36
38 36
42 36
42 35
42 31
43 37
42 35
48 38
46 32
46 32
38 34
38 36
53 39
46 34
38 34
42 34
42 34
42 34
42 32
38 38
42 34
42 34
42 34
42 34
46 33
42 35
42 34
46 32
42 34
42 35
46 30
50 33
44 34
42 34
46 33
38 36
48 33
42 36
43 42
42 34
52 37
46 32
46 34
46 30
42 34
42 36
42 34
38 36
46 33
46 33
42 39
46 33
42 35
38 36
46 32
46 32
54 39
38 36
46 32
46 34
46 30
42 35
38 36
46 32
42 32
46 33
42 34
46 32
42 34
42 34
42 35
38 36
42 35
38 36
46 32
38 36
45 34
46 30
44 34
42 34
46 32
40 34
42 31
42 35
47 39
42 34
42 34
46 33
46 32
46 29
46 33
42 36
38 36
42 34
38 33
42 36
42 31
46 32
38 34
46 38
54 38
44 39
46 33
42 34
42 36
42 35
42 34
46 30
46 30
46 39
42 31
38 33
38 36
38 38
46 30
46 37
42 31
42 34
38 34
46 30
42 31
42 34
46 33
38 34
42 36
42 35
42 35
46 33
46 30
48 29
42 35
48 31
46 30
48 29
38 34
42 36
42 35
46 34
42 31
42 35
46 33
42 36
57 39
54 38
38 36
46 30
46 33
42 35
46 34
42 34
46 32
42 34
42 35
42 34
46 34
46 33
46 33
42 34
42 36
42 34
38 36
48 33
44 33
42 36
54 37
38 34
44 36
40 37
46 30
42 36
42 34
46 38
50 37
46 33
50 40
38 33
48 38
42 35
46 33
42 34
49 35
43 41
46 34
38 33
38 36
38 36
42 35
42 36
46 32
46 32
42 34
44 36
46 33
42 36
46 34
42 35
44 33
52 36
60 45
42 34
46 30
42 34
44 33
41 36
42 36
42 34
42 36
46 32
46 32
46 32
42 34
42 35
38 34
42 34
38 33
42 34
38 36
53 38
38 38
38 34
42 34
42 36
46 33
46 32
46 32
42 34
54 39
44 34
55 39
46 33
46 39
46 33
46 34
42 34
46 33
57 39
45 36
58 41
42 35
38 36
38 36
38 34
54 43
46 32
38 38
40 38
52 37
46 34
46 34
42 35
46 32
48 29
38 34
42 31
38 36
38 36
42 35
50 36
38 36
42 35
38 33
50 36
49 34
42 31
38 37
46 32
46 32
42 35
44 34
50 42
42 34
46 30
42 36
46 33
38 38
42 35
46 32
42 35
46 33
48 29
44 33
42 34
42 36
42 35
38 33
50 35
46 33
46 34
52 38
46 32
54 41
44 36
46 33
57 35
46 33
44 33
38 34
38 36
42 35
38 34
42 35
42 34
46 32
46 32
42 34
48 32
46 33
44 34
38 38
46 30
42 35
46 30
42 35
46 30
46 34
44 33
40 39
38 34
38 33
38 34
44 35
42 34
59 39
42 34
42 36
42 36
46 30
52 37
42 31
40 38
42 35
46 33
42 39
54 36
42 35
42 34
42 34
51 32
42 35
38 33
42 34
38 33
42 32
53 36
48 34
46 33
46 30
38 33
42 32
38 36
38 34
46 34
46 32
55 38
46 33
42 36
42 34
46 33
44 34
56 38
48 33
47 37
42 34
42 35
42 36
51 39
46 30
44 38
42 36
42 34
38 38
42 35
46 34
38 34
42 35
46 32
38 33
44 34
38 36
48 31
55 38
52 35
42 34
42 35
46 37
46 30
46 32
52 44
42 34
46 33
38 33
40 34
42 35
42 34
38 36
48 33
42 35
42 35
38 37
42 35
42 35
46 34
44 35
42 34
42 34
48 29
38 36
56 40
42 36
42 34
42 35
47 39
42 35
38 36
46 30
38 34
46 33
50 33
50 40
44 34
38 36
54 40
46 34
42 35
42 34
47 38
46 30
38 36
48 33
43 40
46 34
42 34
42 35
46 38
50 36
46 32
42 34
38 33
46 34
56 39
63 41
42 34
46 34
42 36
48 34
40 34
46 30
44 33
46 32
38 34
46 33
42 35
48 32
38 33
42 34
46 34
58 39
42 35
46 30
42 34
42 34
46 37
46 34
42 34
42 34
55 37
42 31
46 33
46 32
42 35
42 35
42 31
42 34
42 34
38 37
42 35
50 35
45 37
42 36
42 34
38 36
42 34
38 34
46 32
47 36
42 35
46 33
42 35
38 34
42 34
46 34
42 35
38 33
46 34
48 38
54 38
38 33
50 40
42 36
46 34
56 38
42 35
42 35
51 31
42 34
53 37
44 34
46 32
42 35
46 34
42 36
46 32
38 38
46 30
38 36
46 33
44 33
38 34
42 31
46 33
42 36
42 31
46 33
48 32
42 34
42 35
48 31
46 30
46 30
42 31
42 36
38 34
38 36
46 30
46 34
42 35
56 40
42 34
42 31
42 34
38 33
38 33
42 32
46 32
38 36
44 40
38 38
54 39
42 31
46 33
38 36
48 33
46 32
46 32
38 34
38 33
42 34
50 31
40 37
42 31
42 36
46 30
52 37
48 33
42 32
50 41
48 32
55 42
38 34
46 33
59 41
44 33
55 41
38 36
42 35
38 33
48 33
42 34
46 34
46 32
42 34
38 36
38 38
46 34
38 33
42 34
38 36
42 35
46 29
46 34
42 35
42 35
42 36
50 36
38 33
38 33
42 36
38 36
49 39
55 40
46 29
46 33
47 37
46 32
38 36
42 34
42 36
38 33
38 33
48 32
48 29
46 34
48 33
47 39
46 34
58 42
46 32
46 33
38 38
42 34
46 32
46 38
50 40
41 35
42 32
42 34
57 44
42 35
42 34
46 32
44 32
46 30
46 37
46 33
60 40
46 33
42 34
51 33
46 38
46 33
46 32
46 32
46 30
54 42
42 35
42 34
42 36
47 41
42 31
50 41
38 34
38 36
48 37
46 33
42 35
42 35
38 37
38 33
46 34
42 34
48 34
42 34
38 37
46 32
48 38
42 34
42 35
42 35
46 33
42 35
55 41
42 35
46 33
42 35
42 32
42 36
55 32
42 35
48 32
42 36
42 34
46 34
44 33
42 34
42 34
42 31
42 35
46 34
46 33
46 33
38 33
46 30
44 35
42 34
41 35
42 35
42 35
46 34
46 33
46 34
42 35
38 33
46 38
46 30
55 35
46 33
42 34
46 30
42 34
38 38
53 37
38 36
42 35
46 33
46 33
48 33
46 33
59 41
42 31
46 34
46 33
45 37
46 30
42 34
46 33
38 36
46 29
54 39
46 32
53 38
44 33
42 34
46 32
38 33
48 32
42 34
38 36
42 35
38 36
38 37
42 34
48 32
55 36
42 36
46 30
38 33
46 34
42 34
46 34
38 34
42 35
38 33
48 32
42 34
38 36
46 32
38 33
50 40
42 34
55 43
42 36
42 35
42 35
42 35
46 35
55 38
54 38
42 35
38 33
42 34
38 34
42 35
38 37
38 33
42 35
46 33
42 36
46 32
38 33
46 33
46 33
42 36
42 35
56 39
42 35
42 31
42 34
42 34
42 34
42 35
42 37
54 36
53 37
38 34
46 30
42 35
53 41
38 38
38 37
46 33
46 33
42 34
38 38
42 36
42 34
48 31
38 36
42 34
44 33
48 39
42 35
41 39
42 36
48 29
59 40
44 37
38 33
48 31
48 38
38 34
38 36
38 33
48 32
42 34
48 31
42 34
42 35
52 39
46 34
54 40
46 32
45 41
60 40
42 35
46 33
38 33
47 40
42 34
42 35
42 31
46 34
46 34
46 39
42 34
48 31
42 35
46 34
44 34
46 34
52 37
42 35
46 33
42 37
46 30
38 36
42 34
48 32
55 44
46 30
42 35
38 34
42 35
42 35
42 36
38 34
42 35
47 37
42 35
46 34
42 35
42 32
42 41
42 35
38 33
42 31
42 34
38 36
38 33
42 35
44 34
46 32
46 30
46 33
46 33
42 34
42 36
42 31
42 36
42 35
46 29
42 35
42 36
53 36
46 30
42 34
38 37
44 34
42 31
42 32
38 36
42 35
42 34
42 34
42 35
54 41
48 31
42 34
38 36
46 29
48 34
42 35
42 35
42 36
42 32
38 34
48 31
42 34
38 33
42 32
46 34
44 35
44 34
38 33
44 33
42 34
44 35
46 34
38 37
48 33
38 36
38 38
46 33
42 34
42 35
48 32
44 34
38 36
44 34
38 36
44 34
54 39
38 33
46 32
38 33
46 33
42 34
42 34
51 45
52 36
46 33
42 35
55 40
42 35
49 38
42 32
44 35
46 32
46 33
38 37
42 35
40 34
46 32
44 33
42 35
42 36
51 43
46 33
46 30
42 32
42 34
44 40
42 35
42 36
46 34
48 34
51 40
42 35
42 34
49 42
42 35
42 35
42 34
54 36
46 30
42 35
42 31
50 33
42 34
46 32
42 34
42 36
52 35
46 34
42 36
46 33
46 33
38 33
46 33
48 33
46 32
42 35
38 33
46 33
49 39
42 32
42 34
38 36
50 37
42 35
42 34
41 38
48 32
42 34
42 35
42 34
41 35
46 30
42 35
46 30
49 39
55 40
38 38
42 35
42 35
46 34
46 33
46 30
46 33
42 35
46 34
50 36
42 34
42 36
46 32
42 31
42 35
48 34
42 34
46 33
46 33
43 38
46 30
38 34
42 36
46 30
42 40
43 38
55 37
48 34
42 35
55 36
46 32
42 34
38 33
48 32
44 33
49 40
49 34
44 33
44 35
48 31
42 31
46 33
46 32
53 39
46 33
46 34
46 33
44 35
38 33
42 34
42 34
38 36
46 33
46 34
42 35
46 34
38 36
38 34
42 34
44 35
42 31
44 35
42 34
38 34
44 36
48 33
46 33
49 40
42 35
46 37
50 34
38 37
45 38
46 32
38 36
42 31
42 34
38 37
46 38
42 35
46 33
46 34
47 39
38 33
42 35
46 33
42 35
38 36
46 34
44 34
42 31
38 34
58 38
40 34
46 30
42 34
48 33
42 34
38 36
42 34
42 32
46 32
42 34
42 34
42 34
46 32
38 33
42 35
42 34
42 34
46 33
42 35
46 30
38 36
42 34
46 33
48 31
51 37
44 36
42 36
46 30
49 40
38 36
38 33
42 34
53 42
46 33
47 40
45 36
54 39
38 33
38 33
42 34
38 36
38 33
42 31
67 43
38 37
42 34
44 35
42 35
42 31
46 33
54 34
42 36
42 34
58 42
42 34
46 32
42 34
42 34
38 33
42 34
44 33
38 34
49 32
46 34
44 34
38 36
52 39
46 33
42 31
46 30
49 41
56 39
46 33
46 32
46 30
44 33
38 33
56 42
42 34
52 33
55 39
42 34
44 34
38 36
53 34
42 32
42 34
42 35
46 33
46 40
46 30
42 35
46 32
50 43
46 32
38 34
46 33
38 36
55 39
46 30
42 35
38 36
42 35
46 29
44 35
46 33
42 31
47 42
56 41
50 36
48 32
46 34
47 39
42 34
46 33
42 34
46 33
46 32
42 34
42 34
42 34
42 34
59 40
42 35
38 38
48 33
50 37
38 33
42 35
42 34
42 34
46 34
46 37
42 35
46 30
46 34
48 32
49 38
42 34
46 33
42 35
42 35
45 38
46 33
53 41
44 33
38 36
38 33
48 39
46 33
53 36
38 36
38 36
42 31
42 35
43 40
46 34
42 35
42 32
42 37
46 34
59 40
44 33
38 36
42 34
38 36
46 33
42 32
46 32
46 33
46 34
42 31
46 33
42 34
46 34
42 34
42 35
52 42
46 29
46 33
54 37
42 34
42 34
38 37
42 35
46 32
40 37
38 33
44 34
42 34
42 34
42 35
42 34
43 40
54 38
44 34
38 33
42 35
46 29
44 34
38 34
38 36
46 33
51 40
42 32
42 36
58 40
46 32
42 34
42 34
42 35
38 33
46 30
46 34
46 33
46 30
53 40
42 34
54 40
50 40
44 37
42 34
46 30
38 34
42 34
46 30
42 34
46 32
42 31
38 33
42 34
46 34
42 32
38 36
46 33
44 33
46 30
57 35
38 37
46 34
46 33
46 33
46 32
50 42
38 38
47 39
38 36
38 34
44 35
38 33
46 34
42 34
38 33
42 32
38 36
42 35
41 40
42 35
45 36
42 34
52 36
50 35
42 35
42 36
38 36
38 36
51 38
50 36
46 32
42 35
46 34
51 41
48 32
42 35
46 32
38 34
42 35
42 35
38 36
38 36
44 34
46 30
48 32
46 30
48 32
46 29
42 31
38 34
42 35
38 36
42 35
42 35
38 38
38 33
46 30
46 33
54 43
42 35
49 37
44 35
42 35
42 34
46 32
46 32
42 36
50 32
45 39
38 36
38 33
42 35
38 36
38 33
46 33
46 34
42 34
46 33
45 36
48 31
38 36
40 37
46 30
47 39
50 35
42 35
42 35
46 33
38 36
42 36
42 34
42 35
42 34
38 36
46 34
42 36
46 32
42 32
42 35
45 39
42 34
54 39
38 36
42 36
42 32
46 33
38 33
42 35
42 36
55 36
42 36
46 33
45 37
38 33
42 34
42 35
42 34
42 35
38 38
38 36
46 32
46 34
46 33
45 36
50 39
46 30
55 40
38 37
38 36
42 35
46 33
38 36
42 36
42 35
42 34
42 32
45 34
46 33
42 34
46 32
44 35
42 31
41 37
42 31
42 39
38 37
46 32
53 36
46 33
48 29
42 35
42 34
42 35
42 32
48 31
46 34
42 34
67 42
42 36
42 35
50 37
42 34
51 34
48 34
42 35
46 32
46 32
42 35
46 32
46 33
38 36
46 33
38 33
42 35
42 35
42 35
46 34
50 32
47 38
43 40
44 35
46 33
42 34
42 34
46 30
42 34
42 35
46 30
54 34
42 31
42 31
42 36
46 32
51 43
42 32
46 34
42 34
50 31
42 34
38 36
38 34
57 42
38 33
42 35
46 30
46 34
46 34
42 34
42 36
42 35
43 37
46 33
46 32
38 36
42 34
42 34
42 35
38 36
46 33
52 38
38 36
42 34
42 31
49 35
38 36
38 37
38 36
38 36
48 34
38 36
42 34
42 34
42 35
42 34
57 37
42 35
42 34
42 35
52 44
38 33
44 33
52 37
54 40
38 33
46 34
42 32
46 33
44 36
46 33
38 36
47 39
42 36
48 33
42 34
42 36
47 38
48 29
38 33
42 34
38 34
46 32
48 31
47 39
42 35
42 34
52 36
46 34
42 34
42 35
42 35
38 37
46 34
46 33
46 37
53 38
46 32
42 34
42 35
42 34
44 34
42 31
44 36
45 35
48 31
38 36
40 34
46 32
52 35
42 35
38 37
48 32
42 35
56 38
42 34
50 36
42 36
44 36
50 37
42 31
46 34
46 32
42 34
42 34
50 36
38 34
42 31
48 33
42 34
38 38
42 36
43 40
38 33
46 32
42 34
41 38
48 32
42 37
42 35
42 36
38 37
38 38
46 30
54 38
42 31
42 35
38 34
38 36
44 36
46 32
42 34
46 33
44 34
48 33
40 38
42 32
46 33
38 34
52 39
44 34
45 42
42 32
46 34
42 34
42 35
54 42
38 37
48 35
54 37
42 34
42 35
42 35
42 35
47 39
38 33
42 34
42 34
43 41
42 34
38 33
38 36
38 38
46 33
42 34
42 35
58 40
54 39
51 43
42 35
46 33
42 35
42 34
42 35
38 34
42 35
46 33
42 34
42 36
42 31
57 36
42 31
48 33
49 40
42 34
46 33
46 33
41 41
42 35
38 37
42 34
48 29
42 34
38 34
46 30
46 33
38 36
48 31
38 36
42 31
42 35
42 35
42 35
38 33
42 34
38 33
46 32
54 39
42 36
46 34
42 35
38 36
42 35
46 34
42 32
53 39
46 33
42 35
42 35
46 32
44 35
42 34
46 33
58 40
38 34
42 35
42 35
48 32
42 34
51 39
46 32
42 31
46 34
42 34
57 39
46 34
42 34
42 34
38 37
42 34
42 36
49 40
38 36
48 32
48 32
46 38
46 30
42 34
50 31
46 34
44 37
46 33
38 34
46 32
44 35
38 36
38 36
38 33
42 36
53 36
42 35
42 35
42 35
55 38
42 35
48 29
42 35
55 38
46 30
47 38
42 31
51 34
42 34
50 41
46 33
38 33
52 36
48 31
42 31
46 29
46 33
42 34
56 38
42 35
46 33
38 36
42 34
46 32
46 30
38 36
46 34
46 33
42 34
42 36
42 36
42 35
42 35
42 36
48 34
44 40
38 33
59 36
42 34
42 35
54 38
42 34
46 30
38 36
48 38
44 35
46 34
42 36
42 35
42 31
42 34
45 37
46 32
53 37
38 34
42 34
42 34
41 38
44 33
42 35
38 36
46 30
46 33
38 34
42 31
42 35
46 30
42 36
46 32
46 29
38 36
53 39
46 33
38 38
41 38
46 33
42 35
42 35
46 34
46 35
42 35
51 33
46 32
38 34
42 34
38 33
38 33
42 31
42 36
42 36
42 35
47 39
54 40
48 29
56 37
42 34
46 32
38 36
42 34
42 31
46 33
42 34
38 37
38 33
42 34
38 38
46 32
53 40
42 32
42 34
42 34
38 33
53 39
47 39
48 39
46 34
40 34
46 33
46 34
46 32
42 34
45 38
42 36
38 33
42 34
42 31
38 36
46 34
38 37
44 34
46 33
46 33
46 33
38 38
53 39
38 33
44 34
46 33
44 36
42 36
52 38
42 35
38 34
38 33
42 35
38 36
48 32
46 38
42 32
46 33
46 32
46 33
46 32
53 39
46 33
51 39
38 36
38 33
42 34
38 34
54 37
42 36
42 34
50 35
48 37
54 37
44 38
38 36
38 36
40 37
46 33
42 36
55 38
42 35
42 35
48 35
38 34
46 30
48 33
46 33
40 39
46 30
38 33
38 36
42 36
46 34
46 38
42 34
38 33
42 36
46 33
42 34
46 33
46 34
42 34
42 35
42 34
42 31
42 34
42 35
48 32
38 36
46 33
42 37
42 34
46 33
42 35
43 38
42 31
46 33
46 30
44 34
42 36
50 40
46 33
50 36
46 30
38 34
46 33
46 33
48 33
42 34
57 41
42 34
42 34
42 36
42 34
38 33
42 36
38 36
42 35
42 36
46 33
38 33
46 37
38 36
44 33
42 34
42 35
46 32
48 32
38 36
46 33
59 40
46 30
48 29
53 36
46 32
46 30
46 32
42 34
46 30
38 36
47 39
44 34
42 35
46 37
42 35
42 35
41 36
38 36
38 33
46 30
38 34
54 34
38 33
42 34
62 38
46 33
48 31
42 34
46 33
38 34
42 34
46 33
38 38
42 34
42 32
42 36
42 34
38 36
54 32
38 36
42 34
42 35
42 34
42 34
41 36
42 32
46 33
40 37
46 32
46 33
42 35
46 34
42 35
38 34
42 35
46 30
43 38
42 36
44 35
38 36
46 33
48 34
42 35
47 39
42 36
46 29
42 34
46 34
48 31
38 36
42 34
42 35
46 33
42 35
54 40
55 41
46 34
46 33
42 34
46 33
42 31
48 33
42 34
46 34
47 34
38 36
38 33
46 33
38 36
42 32
54 36
46 29
42 35
42 36
42 36
46 34
42 35
46 37
42 36
42 35
42 32
42 34
46 30
42 34
44 35
46 32
46 33
42 34
42 32
46 33
52 41
42 35
54 42
38 36
40 38
46 32
50 34
48 34
44 36
46 33
46 34
42 36
42 34
46 33
38 38
42 36
42 35
42 36
54 44
46 33
42 36
42 31
46 32
46 34
42 35
38 38
44 33
58 38
49 40
42 36
44 35
46 34
38 38
38 36
46 30
50 36
38 38
48 33
46 37
46 33
44 35
42 34
48 32
42 34
44 34
38 36
42 35
38 34
46 34
38 36
42 34
46 33
46 33
42 35
50 30
46 33
38 34
42 32
42 35
42 34
46 32
38 33
44 33
46 29
38 33
46 32
38 33
44 35
46 34
48 29
42 35
44 32
52 41
38 36
44 39
46 32
38 36
38 36
46 34
46 30
42 36
42 35
42 34
46 33
38 36
38 33
42 34
42 31
54 40
42 34
50 38
41 35
42 36
46 33
46 34
42 34
42 34
46 34
42 34
46 32
43 41
38 34
54 34
44 33
38 33
46 30
42 34
38 33
46 32
42 32
42 31
42 31
38 33
38 33
44 35
44 33
38 34
42 35
42 36
44 36
46 33
48 32
46 33
38 33
47 38
38 34
46 33
46 32
42 35
49 37
42 36
42 34
42 35
53 39
42 34
49 43
38 36
48 31
46 34
49 41
38 36
46 34
46 34
47 38
48 32
46 33
44 33
46 32
38 33
44 35
51 37
56 38
38 34
48 29
42 34
38 38
42 34
48 31
52 40
44 36
42 36
42 34
42 34
51 38
46 34
42 35
40 37
44 33
42 34
54 37
49 41
44 39
42 35
38 34
60 41
46 34
46 30
42 36
38 34
42 34
46 30
44 33
38 38
38 37
42 36
38 33
53 40
46 33
42 34
38 38
42 35
48 38
46 35
46 32
38 33
46 32
46 33
44 34
40 35
44 35
44 34
45 43
45 36
43 39
38 34
48 32
40 34
46 33
42 34
55 41
48 33
38 33
43 38
42 34
42 36
42 35
42 35
42 32
42 35
42 34
48 32
42 35
42 32
42 36
42 31
46 38
54 39
42 34
42 32
38 36
42 31
53 37
38 36
46 30
46 33
42 34
42 34
55 39
46 33
44 35
46 34
46 32
47 38
42 36
55 34
50 35
42 34
38 33
42 31
53 40
46 32
50 35
42 34
42 34
42 31
46 32
42 34
42 35
46 30
42 34
40 35
46 32
42 35
42 36
60 39
59 42
48 33
42 32
38 33
38 37
38 33
46 33
52 37
42 35
45 42
42 34
38 36
44 37
53 37
42 34
46 36
46 33
59 38
46 34
42 35
46 33
53 35
42 35
50 36
46 32
46 32
52 42
42 35
46 32
42 34
42 31
40 35
42 35
42 32
42 34
52 34
46 33
48 41
42 34
38 36
46 37
38 37
44 33
42 35
42 36
42 35
42 35
46 32
42 35
42 35
59 38
46 32
60 36
42 35
42 31
46 34
46 34
46 33
52 33
42 34
42 34
42 35
45 36
46 30
46 33
42 35
46 30
43 40
38 33
38 34
42 35
46 32
46 38
46 33
47 39
46 33
42 34
42 34
42 35
44 35
46 34
44 35
42 34
46 33
42 34
46 33
46 30
42 34
48 32
46 30
42 34
42 34
56 38
44 34
50 37
46 32
38 36
46 32
46 30
38 38
53 39
46 33
46 33
42 36
48 33
42 31
42 35
48 35
46 32
42 36
46 33
46 34
42 35
42 35
48 31
46 34
42 36
38 34
42 35
54 38
48 38
38 36
46 32
46 32
46 33
46 32
42 34
42 35
42 34
42 35
38 37
56 36
42 34
42 35
44 34
42 31
46 30
42 35
42 36
42 35
42 34
46 30
38 33
46 33
46 33
48 31
42 34
42 31
44 33
48 32
46 34
42 34
46 32
48 37
42 34
38 33
46 30
38 36
42 31
48 39
38 34
50 35
38 36
42 34
42 35
42 32
42 32
50 33
46 32
42 36
42 36
42 31
42 34
47 39
42 34
38 36
48 31
48 38
42 31
42 35
46 33
46 33
50 40
38 37
42 36
38 34
38 33
42 35
47 39
42 34
42 34
46 34
46 33
48 32
42 34
40 37
46 33
46 34
46 34
46 33
46 33
44 36
43 38
38 37
42 35
46 32
38 36
42 35
47 43
48 38
46 33
48 35
46 29
42 36
38 33
38 36
42 34
38 36
46 33
42 34
46 33
48 32
38 36
42 34
46 33
42 31
42 36
42 35
42 35
46 32
46 33
54 38
46 33
51 38
42 35
46 30
46 33
42 31
44 34
54 45
38 36
38 34
46 32
46 33
42 36
48 32
38 36
42 35
48 35
48 35
42 31
52 33
42 36
42 36
48 32
46 32
42 35
42 31
42 34
42 34
38 36
42 35
48 31
53 38
42 35
42 34
46 33
42 31
46 33
46 32
42 34
46 33
38 36
42 35
53 42
58 36
46 34
46 32
42 34
44 34
46 32
42 36
38 38
38 33
46 33
46 37
38 33
50 39
51 41
41 39
56 35
42 34
42 35
38 36
44 35
48 33
42 34
46 32
48 42
42 34
42 31
42 36
46 30
46 30
46 32
42 34
38 36
42 31
40 39
42 35
42 34
46 30
46 38
38 33
46 34
42 36
38 36
46 32
42 35
51 39
38 37
42 35
50 37
54 36
42 34
54 37
46 34
46 32
38 33
46 32
46 34
42 36
47 38
42 35
42 36
46 32
46 33
46 30
42 31
50 30
42 36
42 39
53 39
42 34
46 34
42 34
42 36
42 35
46 33
38 33
56 38
46 30
38 36
46 30
42 35
42 32
38 33
42 34
42 32
38 33
44 35
42 34
42 35
42 34
56 41
46 30
42 34
42 35
44 34
42 35
42 34
38 38
46 32
42 36
53 37
46 32
42 34
46 32
42 35
43 37
38 36
38 36
44 37
42 34
38 36
49 40
38 37
42 36
43 38
55 36
46 32
38 36
42 34
46 33
42 35
46 33
46 30
48 32
42 35
46 32
46 30
42 35
38 38
38 36
42 36
42 35
48 32
54 38
46 33
54 39
38 38
45 37
44 34
46 33
38 36
42 34
38 34
42 31
42 31
42 36
46 32
46 34
46 30
46 32
46 30
38 33
46 37
50 35
59 39
46 33
44 36
42 36
44 34
48 33
42 31
42 32
58 42
38 34
42 36
46 32
53 40
48 33
51 41
38 33
46 34
52 36
38 37
48 33
38 37
46 33
42 31
46 34
44 33
42 34
42 36
42 35
46 33
62 38
38 36
44 33
46 32
38 36
46 33
50 28
46 34
42 34
38 36
38 33
46 30
46 32
42 35
51 35
46 34
46 30
42 34
46 34
42 34
52 42
41 35
46 30
42 36
56 37
46 30
46 29
54 37
42 32
48 32
46 30
38 33
46 34
58 40
38 34
52 37
42 35
42 34
38 37
38 33
46 34
42 34
46 33
42 35
57 38
54 39
42 34
44 36
46 33
46 33
38 36
44 34
44 34
42 32
44 33
46 37
38 36
38 36
42 37
46 29
42 34
53 36
48 33
42 35
46 30
42 31
38 33
46 33
42 34
42 36
46 33
38 33
38 34
42 31
48 33
38 33
46 34
46 30
42 31
38 36
42 32
42 36
42 34
46 29
38 34
46 34
59 39
38 38
38 36
42 35
48 39
48 33
42 35
42 35
48 34
52 44
42 35
42 34
46 33
46 33
42 34
48 35
42 34
42 34
61 42
53 37
51 40
38 34
42 34
57 39
46 32
38 33
38 33
42 35
42 35
46 34
42 31
53 38
46 30
42 34
54 39
42 34
46 34
53 37
42 34
52 45
44 33
46 34
46 33
42 31
38 33
42 34
47 37
46 33
42 34
38 36
42 36
38 36
38 38
38 36
42 35
42 34
50 36
44 35
48 31
42 34
46 33
52 39
42 34
46 34
38 34
52 36
42 36
38 37
38 34
38 36
42 31
38 33
42 31
42 35
46 30
42 31
42 35
42 32
46 33
42 34
50 39
38 33
46 32
42 35
44 40
46 39
42 35
38 36
42 35
48 29
46 34
49 38
54 37
38 37
48 37
43 41
42 36
42 34
42 35
46 33
48 32
46 33
38 38
38 37
42 36
42 31
46 30
48 31
49 36
38 36
46 32
46 33
42 35
42 32
46 32
38 33
46 33
38 33
42 36
50 33
46 34
44 36
46 33
42 35
54 40
48 38
40 37
42 34
51 44
42 34
50 36
44 35
43 38
41 36
51 40
42 31
58 39
46 32
38 33
38 36
46 32
48 31
42 36
38 38
42 31
46 32
42 36
38 36
38 36
42 36
42 34
38 36
52 34
46 33
42 35
42 35
46 29
42 34
42 34
46 30
46 30
46 37
42 32
46 30
46 33
46 33
38 38
42 34
42 39
46 30
42 34
38 33
48 31
53 41
44 34
41 38
38 33
42 35
38 33
44 34
48 37
38 34
42 31
44 32
48 32
41 39
46 34
38 33
56 38
46 33
42 34
46 33
53 42
42 35
46 30
38 33
48 41
38 33
38 36
38 34
46 30
54 40
57 36
48 33
48 32
48 41
42 36
50 31
48 29
50 40
38 36
40 34
42 34
38 37
53 41
48 34
46 34
42 34
42 32
42 34
42 36
54 38
42 31
38 36
46 33
42 34
46 32
51 39
42 34
52 35
46 34
38 37
57 39
51 39
38 33
45 36
48 35
49 34
42 34
46 33
38 36
44 36
42 35
48 39
38 34
46 33
38 36
46 29
49 41
46 34
46 33
52 37
38 37
44 39
42 35
42 34
46 33
42 34
46 33
42 32
46 29
38 36
42 34
52 38
42 35
51 38
38 36
42 36
38 38
42 35
38 36
38 33
48 33
38 33
54 37
40 35
42 34
42 35
46 30
38 34
44 36
46 33
42 35
38 33
42 35
44 36
42 35
42 31
38 33
45 42
44 33
42 31
50 30
42 34
42 36
42 34
46 33
42 35
38 36
46 34
38 33
42 35
42 34
42 36
42 34
47 39
38 34
42 35
42 34
42 31
42 36
42 34
58 38
44 33
46 30
44 33
42 35
46 33
38 37
51 39
56 40
48 31
46 34
46 34
46 33
38 37
47 41
42 34
50 40
42 35
54 38
38 36
48 29
54 38
38 38
46 34
52 34
44 33
48 32
46 30
42 32
42 34
56 34
42 34
46 30
45 37
40 34
46 37
46 30
46 30
44 36
46 33
42 34
46 33
38 36
38 34
46 32
42 35
42 34
38 33
55 39
46 30
51 38
46 33
46 30
42 35
46 32
42 34
42 32
38 33
46 32
38 36
54 36
42 34
42 36
48 39
42 34
38 33
42 31
42 35
42 34
42 41
42 36
42 34
42 35
50 32
42 36
46 30
49 37
42 34
42 36
42 31
38 34
38 36
46 30
38 34
46 33
42 32
42 34
46 33
42 35
42 34
55 40
42 34
38 36
42 34
42 35
38 36
46 32
46 33
42 35
42 35
42 34
46 33
45 33
42 35
44 34
42 34
48 31
38 33
46 32
42 34
48 33
44 34
42 35
42 35
46 33
46 34
47 39
46 30
46 44
42 35
46 33
42 36
42 34
38 38
48 29
48 33
53 38
46 33
42 34
38 36
46 32
47 40
44 34
48 38
42 34
44 33
46 30
42 34
46 30
46 33
42 36
42 35
48 32
42 34
42 35
54 39
44 35
38 34
47 39
42 32
38 37
38 36
44 36
42 36
38 33
42 35
42 35
53 31
42 34
38 36
38 36
42 32
42 34
42 34
46 34
42 31
42 31
38 38
38 33
46 38
38 36
50 28
46 33
42 35
40 37
42 32
48 32
42 35
42 35
42 31
42 34
44 34
42 35
46 32
46 32
46 32
46 30
46 29
42 34
48 42
42 34
38 34
42 34
58 37
38 34
48 30
56 39
54 36
42 31
46 33
44 34
38 36
38 36
42 36
38 36
46 38
42 34
48 31
42 34
46 42
42 34
53 39
46 30
42 36
38 37
53 37
44 35
42 35
42 36
46 34
42 34
55 40
61 37
46 30
38 34
42 35
42 34
42 35
42 34
38 33
38 36
38 34
46 32
49 39
56 36
42 31
46 30
42 32
46 34
38 33
46 32
38 36
52 39
42 34
46 33
46 32
46 32
38 33
46 34
54 34
42 34
53 36
48 32
42 31
42 34
46 30
45 36
58 39
57 42
44 33
42 35
38 37
44 34
46 32
57 42
42 35
46 33
42 36
42 35
42 35
46 34
46 33
42 31
46 33
42 32
49 43
47 38
38 36
42 35
38 36
42 35
46 34
38 37
38 37
42 36
52 36
38 34
42 36
46 38
38 34
47 39
46 32
42 34
48 33
42 36
46 37
42 31
42 31
42 36
46 34
50 39
38 34
42 36
38 34
43 40
44 34
46 33
38 34
44 33
46 39
46 32
52 42
46 34
38 36
46 37
46 32
46 37
46 30
47 39
40 39
53 37
48 31
46 33
42 36
41 36
46 33
46 30
48 31
42 34
42 31
46 33
42 32
54 36
38 36
42 31
46 34
49 39
44 36
38 34
46 33
42 35
48 33
42 34
42 31
46 33
46 34
46 29
42 36
42 35
42 34
48 33
42 35
42 35
46 33
49 39
48 32
48 31
42 34
38 36
42 35
46 34
46 34
46 32
38 37
42 36
44 35
46 37
40 37
42 34
52 37
38 36
44 33
46 34
42 35
42 36
46 33
42 35
42 35
58 34
38 33
46 33
42 34
38 36
46 30
38 38
38 34
46 30
42 34
46 33
46 33
49 39
38 36
46 32
42 35
42 34
42 34
52 40
42 32
55 39
46 30
38 33
38 33
42 34
42 34
52 37
51 39
42 35
52 36
42 34
45 37
52 34
48 32
38 37
46 29
46 33
46 33
48 29
38 33
46 33
42 34
38 33
42 34
42 36
42 31
46 33
42 35
38 34
43 37
46 34
46 34
46 34
42 34
42 36
46 30
42 35
49 36
42 34
38 36
38 34
49 38
46 33
53 38
52 33
42 32
38 34
46 33
38 36
42 34
42 34
38 33
42 34
38 36
42 34
42 34
46 30
46 30
38 36
38 33
46 33
38 38
38 38
38 33
42 34
55 38
42 34
46 33
44 35
46 30
40 35
44 33
42 34
56 37
48 32
46 30
42 34
38 36
42 36
38 36
38 36
38 33
42 35
42 35
41 41
42 34
42 36
38 38
46 32
46 30
46 34
46 33
38 37
49 42
46 33
46 32
48 29
46 38
46 32
46 33
38 33
56 37
46 30
42 31
42 34
54 37
46 33
48 31
42 35
55 41
42 35
42 35
48 33
46 30
42 35
46 30
42 35
47 38
38 34
48 32
42 35
46 34
38 38
42 34
42 35
46 33
46 32
42 34
38 36
42 31
42 34
42 37
48 32
46 32
46 33
42 36
48 38
38 36
44 35
53 36
42 36
46 33
44 35
38 36
42 35
38 34
42 35
48 38
46 33
46 32
46 33
42 35
42 31
48 35
48 31
44 34
42 34
42 35
53 42
42 35
49 43
46 32
42 34
42 34
46 34
46 30
48 32
42 34
42 35
42 35
38 33
47 43
42 36
42 34
49 37
42 34
42 35
46 33
38 36
54 37
38 37
38 36
54 38
38 36
42 35
42 32
42 34
38 34
46 38
42 35
53 37
46 32
38 36
38 36
42 35
38 34
42 34
38 36
48 32
38 37
50 37
42 36
42 35
38 38
42 36
38 38
42 32
44 33
42 34
38 33
42 34
46 34
42 35
42 34
56 37
54 39
48 38
49 37
53 36
42 34
42 36
42 34
46 33
46 34
46 38
38 33
48 29
44 35
42 34
58 39
42 35
48 31
38 33
46 30
48 32
42 36
46 30
42 31
42 35
42 34
42 31
42 36
42 31
42 35
50 38
42 34
46 34
42 31
42 32
46 33
43 37
42 34
42 35
38 36
46 33
42 35
38 34
42 31
46 33
42 35
42 31
38 33
46 32
46 30
38 33
46 32
42 35
56 40
42 34
42 34
42 34
42 36
42 35
46 34
46 34
46 29
43 36
42 34
46 30
42 32
46 33
48 32
60 41
42 35
54 39
38 36
38 36
38 33
54 38
52 35
42 34
46 33
42 35
44 33
48 37
46 37
46 33
42 34
46 32
46 32
42 34
46 33
56 39
44 34
42 35
46 35
42 36
46 29
46 32
46 30
44 34
48 35
46 34
42 32
42 34
48 36
42 35
48 34
48 32
46 33
42 35
48 33
50 39
46 30
42 31
42 34
42 36
38 33
38 34
42 31
52 36
42 35
46 33
41 35
48 31
42 34
46 33
46 30
38 34
53 38
48 37
48 32
42 39
46 30
46 30
46 32
46 32
53 40
46 33
42 35
48 29
42 34
46 34
42 37
42 35
42 35
44 37
42 35
42 31
42 36
42 34
46 33
42 34
46 34
46 35
42 31
46 30
42 34
46 32
49 41
42 31
38 37
42 35
46 30
44 34
38 36
46 34
46 33
46 32
38 38
51 37
46 32
45 41
42 35
46 30
46 34
40 39
38 33
46 32
38 36
42 36
42 34
42 35
46 32
42 34
46 30
42 31
46 33
58 39
42 35
42 35
42 34
44 37
46 33
47 38
42 31
46 34
44 34
42 31
38 36
47 39
45 37
42 34
42 31
48 29
42 35
42 34
42 34
38 37
58 39
42 34
42 35
42 34
46 30
42 31
42 32
44 34
47 39
42 35
50 40
46 32
46 32
42 34
52 41
46 33
53 39
48 37
42 37
42 35
44 36
42 32
38 33
48 32
42 34
42 35
42 31
42 35
42 36
38 33
42 34
42 32
38 36
38 36
42 32
42 35
38 33
50 37
46 34
50 40
42 34
38 33
67 43
46 34
38 33
42 31
42 34
46 32
46 32
44 33
42 34
56 40
44 33
42 31
46 32
42 32
42 34
42 31
48 29
42 34
46 32
50 40
48 35
57 38
46 32
42 35
46 33
42 35
46 34
56 37
41 38
40 34
38 34
42 35
38 33
46 32
42 35
55 37
46 30
46 32
47 39
41 39
46 32
44 34
42 32
42 35
46 32
42 35
46 34
46 34
38 33
38 33
47 38
52 42
50 33
46 30
38 34
50 34
42 34
42 34
46 34
46 33
42 34
38 36
38 36
46 34
38 36
46 33
42 34
48 37
42 35
48 33
50 41
54 38
42 35
46 33
46 33
46 30
46 33
42 32
42 34
46 33
46 30
46 30
38 36
42 35
38 33
48 33
38 36
46 30
38 34
44 33
42 35
48 32
42 32
46 32
42 34
46 33
46 34
42 34
46 34
47 35
46 32
38 37
47 39
50 43
42 34
42 35
42 35
42 36
42 36
46 33
44 33
42 35
42 35
42 31
46 32
46 32
42 34
46 32
59 38
48 32
42 34
42 37
38 33
38 36
42 34
38 36
44 34
38 36
53 37
42 34
46 43
38 36
44 33
46 33
52 36
53 36
38 36
42 34
42 31
55 42
42 35
46 30
42 34
48 31
42 35
51 39
42 35
42 35
42 39
40 38
52 37
38 33
42 36
48 31
48 32
46 34
46 32
46 30
51 42
46 34
45 37
42 32
42 31
62 43
48 35
42 31
51 34
42 34
46 32
38 33
38 33
38 33
48 32
46 37
53 37
38 34
42 34
38 36
42 35
38 33
42 34
38 33
49 40
44 34
46 33
42 34
42 34
42 34
46 33
38 36
42 32
38 36
42 36
42 34
42 34
46 33
49 39
42 35
49 40
38 33
42 35
42 34
42 35
38 36
48 38
54 41
44 34
42 34
42 34
42 34
42 34
46 32
45 37
42 35
42 35
46 34
42 34
38 36
42 34
38 33
55 38
45 37
42 35
46 32
46 32
38 33
38 33
42 35
46 32
52 40
42 36
50 32
42 35
42 35
42 34
42 35
38 36
42 36
42 34
42 34
42 31
46 33
50 42
46 33
44 33
44 34
42 34
54 43
46 37
38 36
48 31
46 33
48 31
50 32
42 34
45 36
38 34
38 36
42 34
43 39
42 35
38 36
46 32
42 34
42 35
48 39
44 33
42 34
46 33
42 31
42 35
38 33
42 34
46 33
42 35
42 32
42 34
46 33
38 36
52 39
48 29
42 35
52 39
46 30
38 36
42 34
49 36
47 39
42 35
46 34
38 36
44 34
42 34
42 34
42 34
48 32
42 36
42 32
38 38
38 38
42 31
42 34
42 34
46 34
52 35
42 34
42 34
42 34
46 29
46 30
46 32
48 32
42 35
42 34
42 35
49 38
58 39
38 36
42 35
38 34
46 33
44 33
42 35
42 31
46 29
46 32
46 33
38 34
42 35
46 34
48 33
46 30
44 35
42 35
42 34
42 34
42 36
45 37
42 32
48 31
46 32
42 36
43 41
48 34
46 34
49 36
42 34
48 33
38 36
46 34
50 41
46 30
46 34
42 35
46 30
50 40
51 41
42 34
42 36
38 37
42 35
48 38
46 29
46 32
42 34
38 36
46 33
46 30
48 33
50 35
42 34
46 30
38 34
42 32
38 33
42 34
42 35
44 35
51 41
38 33
38 38
42 36
50 42
42 35
42 36
58 39
48 29
44 33
43 41
43 40
38 37
62 39
38 37
38 38
45 38
42 34
42 36
44 33
46 32
50 38
42 35
46 30
48 38
55 42
42 36
42 34
42 36
38 36
42 34
42 35
44 36
38 34
48 32
42 34
46 30
38 37
48 38
53 38
46 30
55 36
46 32
46 30
46 33
42 31
38 36
42 36
42 36
46 32
42 34
50 30
42 35
38 37
42 34
38 33
38 33
46 32
42 35
41 36
44 34
46 30
42 35
46 32
46 34
42 36
42 35
44 36
46 34
42 32
42 36
46 33
46 32
46 32
38 36
42 35
42 31
38 34
42 36
42 32
38 33
42 39
42 34
46 32
42 31
46 34
38 34
38 36
38 33
49 37
38 36
42 35
46 33
60 41
42 35
42 36
50 40
46 32
48 31
46 32
38 36
42 31
46 30
42 39
46 33
38 36
42 34
42 37
56 45
48 34
46 33
44 33
59 40
46 32
46 32
42 34
52 38
42 31
46 34
46 33
46 34
46 30
46 33
42 31
46 32
49 37
45 36
38 33
48 38
42 32
38 37
38 33
42 36
38 38
42 35
38 36
48 32
51 41
42 32
46 32
42 34
46 32
42 35
38 34
42 31
59 36
46 34
42 34
44 34
46 32
42 35
42 34
42 31
46 39
38 34
55 38
48 37
38 34
42 35
46 32
46 34
46 30
42 34
52 37
42 35
38 36
38 33
46 32
42 34
46 32
46 32
42 31
46 30
46 34
46 38
46 39
46 33
42 35
42 31
46 33
46 33
42 35
57 37
50 39
47 38
42 35
46 33
38 36
42 36
42 36
38 33
44 35
42 35
42 36
46 34
42 36
54 42
46 33
38 36
46 32
48 38
46 34
42 31
46 37
48 33
46 34
48 31
42 35
46 34
42 34
46 32
42 35
46 32
38 36
49 39
42 34
38 33
46 32
42 35
42 34
38 36
46 33
38 36
46 33
44 36
48 31
42 34
46 34
42 35
48 29
42 31
53 37
44 33
46 32
42 35
46 33
46 34
45 38
44 36
42 35
42 31
42 34
46 30
51 32
42 31
44 38
54 37
53 40
46 33
38 34
42 32
46 32
52 39
42 36
46 34
46 40
54 32
42 34
42 34
38 36
47 39
42 31
46 30
51 39
42 36
38 33
46 33
46 33
46 30
49 40
51 39
42 34
42 40
42 34
42 32
42 34
55 39
46 34
42 36
42 35
46 32
44 34
38 34
46 37
38 36
38 36
56 39
46 34
56 38
42 31
43 38
49 36
38 37
42 35
48 37
38 34
46 32
38 33
46 34
51 40
42 34
42 31
42 35
42 31
46 33
42 35
46 34
46 33
49 38
38 38
50 40
46 33
42 36
46 34
46 34
38 36
42 35
42 35
42 35
46 34
42 35
38 36
46 33
38 36
46 32
46 30
46 34
38 34
46 30
46 30
44 39
42 34
46 30
38 33
38 36
40 38
46 29
44 34
51 43
48 31
42 32
42 34
53 38
48 32
38 33
48 31
46 30
46 32
42 32
38 33
46 33
46 32
38 36
42 35
52 37
42 36
52 34
38 33
42 34
38 33
46 32
44 33
38 33
55 37
42 34
42 36
42 31
40 37
49 38
42 35
42 39
38 33
46 33
46 32
46 32
42 35
42 35
46 32
49 42
46 33
45 36
38 33
42 34
48 36
38 33
42 35
52 38
50 37
42 36
46 34
42 34
42 32
52 37
42 34
42 35
46 33
46 32
42 34
38 36
46 30
42 34
46 33
46 33
51 37
38 36
38 36
42 36
42 34
38 34
42 34
42 35
46 33
52 39
48 33
46 34
46 30
38 33
55 41
42 31
42 34
38 34
42 35
48 31
55 35
42 34
46 32
46 32
38 33
38 36
46 34
42 35
38 37
42 36
42 36
54 43
42 34
46 30
42 35
48 31
42 36
44 35
46 33
46 33
46 32
42 31
46 30
42 31
46 30
52 36
55 36
38 36
46 33
42 35
46 30
42 32
42 36
50 33
38 36
43 37
42 34
46 33
44 34
51 37
46 30
42 35
43 41
49 40
42 34
38 34
46 38
46 34
48 29
38 36
48 31
38 36
42 31
46 32
42 35
38 33
46 32
42 35
48 32
38 36
53 43
38 33
38 38
38 36
44 34
46 30
38 37
46 37
38 36
46 33
46 38
48 31
42 34
38 38
46 32
38 33
46 34
46 34
48 33
42 36
42 32
48 35
46 33
46 34
50 40
54 38
38 36
42 31
42 35
38 33
42 35
50 31
44 33
46 36
38 37
46 32
38 36
38 33
42 34
42 35
50 39
46 33
52 35
43 40
38 38
42 34
46 33
44 33
42 35
44 34
44 35
38 37
38 34
38 34
54 35
46 34
46 34
38 36
46 35
38 33
46 33
38 34
46 33
42 34
38 34
46 32
48 29
42 35
42 35
51 36
42 34
42 31
46 33
46 34
42 36
42 34
45 37
42 35
45 36
38 33
42 35
46 34
38 37
40 34
46 34
42 35
45 39
